1.670910550990229240e+02
1.125342886832760847e+00
1.499104618258018817e+01
-4.078593803613212998e+01
6.215096562211498821e+01
-3.827245159519893036e+01
4.366428232692378231e+01
-2.441345129808588155e+01
2.089272797138033155e+01
-5.349329853967597614e+01
1.894743068942275599e+01
-4.561684332532999875e+00
5.529487757798459135e+00
1.770801767609700406e+01
-1.594632338210422162e+01
2.077432264089055458e+00
1.656810619571192689e+01
1.341350203868282875e+01
-2.278555470233472136e+01
1.733389475173773775e+01
-6.159531141246226582e+00
1.837210172443321454e+01
5.218784753762641060e+00
-1.479167393953387588e+01
-4.590552144623696762e+00
-8.911387174351300899e+00
9.518497903255365600e+00
4.424835911614179551e+00
-9.143780323833594181e+00
-8.538765001445568714e+00
-2.656971128472254406e+01
1.876211223929495731e+01
3.462668991019789644e+01
2.119613835361850107e+00
-2.468761883674117286e+01
8.506996716849883455e+00
-2.758116604111683756e+01
2.388745732324644777e+01
-1.936211859890581266e+01
1.434720176737646113e+01
-1.863050694208278912e+01
2.468445625037771407e+01
4.385732220411562743e+00
-3.987877876619862150e+00
-3.364667775750796608e+01
4.484107939224677608e+01
-3.726929728597388447e+01
2.954470212415640340e+00
6.281405563172635986e+00
1.670022137904807380e+01
-8.242297661327661729e+00
7.992385489233429396e+00
7.986867828030811189e+00
-3.874707630956631732e+00
-8.373177721197457402e+00
-2.398594182969168997e+01
3.792469638738543125e+01
-4.212807157553744730e+01
1.208461347333738090e+01
2.255543899797622132e+01
-2.385445571455069746e+00
-2.070349096802750211e+01
8.632202979202814319e+00
-4.885853422852129313e+00
-6.342101725775468601e+00
2.300778240986718970e+01
-2.196832916187369733e+01
1.581243769992466497e+01
-1.033304991950343066e+01
9.473820351602292078e+00
8.549136927163189625e+00
-1.107702147496280354e+01
8.419013837528387612e+00
4.905996365875899379e+00
-2.099006130688697169e+01
1.532746787277547540e+01
1.750021847285605503e+01
1.241136858104328944e+01
-3.622558947354900738e+01
2.516293477173247339e+01
-3.118343716477593119e+01
4.130849791529101367e+01
-1.314179587926975934e+01
-2.671436735769481174e+01
4.351179662410136473e+01
-1.771397262506879855e+01
9.757578644033456428e+00
1.216804632190485691e+01
5.539527591156763187e+00
-3.180012757950970936e+01
1.601917412018912046e+01
2.319480068064956058e+01
-2.350959127500615864e+01
3.484538750851682209e+01
2.126486684269672800e+00
-1.849884525250282863e+01
1.798432315638039469e+01
3.305510750448758017e+01
5.164503666701015128e+00
9.041209934500486156e+01
2.168622648915494153e+02
4.023671442588707805e+02
8.233459420326569216e+02
1.607051154464489173e+03
3.174693776970786530e+03
2.250292535941643109e+03
3.028848822922200725e+03
9.755077269822448898e+02
2.736087661187198137e+03
8.624647362198284100e+03
1.326597998841471235e+04
1.243404764211277870e+04
3.012007066849727562e+04
4.553769740079191251e+04
-3.171877274245716762e+02
-4.997945448493372169e+03
7.194788064322408172e+04
7.941689506972214440e+04
6.705542777653934536e+03
-4.395840894447142091e+02
-3.454180310762498607e+02
6.443891848040010473e+01
9.127744675119895419e+02
1.213793872937422975e+03
-8.261902017716080309e+02
-2.751121248235259031e+01
1.152785703886841929e+03
-4.351340533604910661e+02
-2.627640817749081634e+02
3.285029819226608652e+02
-5.285966019017154167e+02
2.845646522436853729e+02
1.528267685809908869e+02
2.852557880697278847e+01
-5.789484473584730040e+01
-7.492263256458073784e+00
2.245592399460036859e+01
-1.452411108034300753e+02
2.795935505064090307e+02
-8.765177457284110574e+01
2.597434167211350200e+02
-2.342224068032905109e+02
-2.440730637264656195e+02
2.924747383839232953e+02
8.874508544753251726e+02
-3.908697973604518552e+02
-7.301562594063379947e+02
4.638871127111453916e+02
-5.666304610972911178e+02
-2.916507532532235700e+02
1.072800658916007933e+03
-4.355848321311473228e+02
-2.812877254360159895e+01
3.882592895323132609e+01
-1.885622789793124525e+02
3.437276958437535086e+02
-4.231637468518074741e+01
-2.488721494992507530e+02
1.737099004426892463e+02
3.623325415966738774e+02
-9.433443342106205876e+01
-4.525305590952436319e+01
1.089404758923581511e+02
-1.734660122481517419e+02
4.663563738479697918e+01
-1.413869538994498214e+02
2.451618923541989545e+02
1.381799455072900003e+02
9.562370427421521413e+01
-6.400891809074605590e+02
-6.395122919751314328e+01
2.842110404844710274e+02
3.389880969045880761e+02
-4.395644350090749413e+02
-6.899517411110538490e+01
-5.055042785264788563e+02
4.802299220238342059e+02
2.518041613484491563e+02
-3.984686842557273394e+02
1.782914763366634077e+02
-3.347676324256950693e+02
1.534762796215829326e+02
2.209069891308104445e+02
-3.050641636668549950e+02
-3.485697108574863989e+01
1.483141218305483733e+00
5.791924579738433749e+02
-1.463106331593232028e+02
4.151924933970080360e+02
-8.662429420452563136e+02
2.450737530805533311e+02
-4.811942971399934095e+02
1.230889796493392367e+02
3.689931252008133811e+02
-3.231017472103376349e+02
4.916349969631945669e+02
4.845589272416862059e+01
-1.573168571945570875e+02
2.214541839892144708e+02
1.807548039307520469e+02
-1.046821619096945284e+02
-9.147671521686737606e+01
-1.756386711514363412e+02
-3.456815075024465500e+00
-4.890046848947571334e+02
3.435687492591422370e+02
2.057366472005953710e+02
1.213837907303229713e+01
2.092452828038616417e+02
1.906853864144456168e+02
-3.220010229177443648e+02
1.219032722410984206e+02
1.358535267185554858e+02
-3.990183009493654254e+02
-4.967100085935420850e+01
2.341199277032488340e+02
2.265355966682572557e+02
1.056203763363270554e+02
1.286375453706086773e+02
-1.563441866457638980e+02
-1.023830961449462507e+02
4.371237668718067937e+01
1.086420484476680599e+02
1.808195316774626633e+02
-2.000870573673132071e+02
-2.223717918327509722e+02
-1.240551962865774129e+02
-1.720210729676306016e+02
2.173820934612149927e+02
5.251232061889542138e+02
2.578564078373811412e+02
-1.079319908562000307e+02
-4.365909311974464231e+02
1.358363858203652228e+02
-2.963919261524786180e+02
-8.821860087668365225e+01
1.246087626352307041e+02
1.911198554127643945e+02
-3.576658035237447564e+01
-2.484681418861352853e+01
8.895324255274881864e+01
6.313390482941559156e+01
-2.122302809645361066e+01
-2.028265086717064491e+02
1.184284983690912298e+02
4.446310300557563266e+01
-1.821965660515452896e+02
8.297690112280454855e+01
-2.936656007720435468e+01
1.501810666455872934e+02
1.021894122961744813e+02
-1.726467467027597706e+02
-1.467310410413451791e+02
1.248327876558531813e+02
4.954454661849212016e+00
1.610581975130637602e+02
-9.137689811154471897e+01
1.332766324074523823e+02
-2.418067775439415072e+02
1.687748073712320434e+02
-4.987734323544744086e+01
8.249378202446899877e+01
-2.604212263002224290e+02
1.083671013218404937e+02
8.385682210787402369e+01
-5.564027723034113393e+01
-2.237709147582393143e+01
4.261667474382498710e+01
-2.341494742665576467e+01
3.072265674710804717e+01
7.007105820939396779e+01
1.166903872480378368e+02
5.214417765840440211e+01
-3.052106173481998326e+02
-1.784304018838774653e+01
-1.104076374615962379e+02
4.539678492021412239e+02
1.303019693340253014e+02
-1.660904295428877333e+02
-1.769520753222917051e+02
9.655025734228726719e+01
3.449271518811158899e+01
-2.258298012854781405e+02
1.971254132608679583e+02
1.191360918127907240e+02
-4.834302391851475278e+01
-6.340481669359982675e+01
5.743120357482865757e+00
5.381465066253866780e+01
6.306105635833232270e+01
-1.192108127260044483e+02
-1.251347397734132016e+01
-1.205544117563843969e+02
1.483467992248428118e+02
-4.226790912585090609e+01
3.013017855703719761e+01
-3.412161403820330463e+01
3.090189932674052642e+01
-6.916585478145923105e+01
-6.457491364909660092e+01
2.367458321729752413e+02
3.631997295574329598e+01
-1.004540860724785318e+02
8.090434384847517890e+01
-3.665167667580794841e+01
-1.501929207854128663e+02
2.041438161873482500e+02
6.520677504307607819e+01
-3.456642698420304782e+01
-1.351717083162108679e+02
9.064327440891246113e+01
6.731272128432355828e+01
5.265527452330789515e+01
-2.221647410656525778e+02
-4.256601443668095897e+01
-2.402906874703342766e+01
1.405502545407177593e+02
-1.672726876223446624e+01
2.010284972257190361e+01
-2.773246481257924501e+01
1.007239593880333501e+02
4.493814171942246105e+01
-3.520339444736752910e+01
-1.090486076694142525e+01
-5.346115175686040288e+01
5.024186351184930288e+00
-6.327482394474415628e+01
-9.570651850890286028e-01
7.732689296812503699e+01
7.720849979886260428e+01
-1.203133508036710140e+02
2.767750174339832370e+01
1.737262078989304115e+01
2.891017891901056913e+01
2.824133502422098729e+01
-7.234374518117900266e+01
2.014331937609227339e+02
-9.732804660025804822e+01
-2.665880680600135975e+02
2.551515434232324822e+02
2.797992813874107014e+02
-1.974922065530392956e+02
-3.017100678460520840e+02
1.209938017943937894e+02
2.302004488013020307e+02
-1.392281892308213287e+02
-6.438274647596927025e+00
7.017652930375497533e+00
9.717460763606706564e+01
-5.561568589197278811e-01
-3.611739724493314441e+01
1.798802747559919908e+02
-7.170400458282209399e+01
-9.405032680224996966e+01
-3.389843857284719064e+01
-2.612440748116682698e+00
-8.775333187165600179e+01
4.984498001461897587e+01
7.840769842309916271e+01
2.670257844251252521e+01
-2.255116463956284178e+00
-9.083638130176407799e+01
8.997371565869674725e+01
-6.576230876668275016e+01
3.300182923454275397e+01
2.733849404954745665e+01
8.337324807069208532e+01
-1.056796480597822807e+02
8.125583708026321972e+01
2.679208480568176753e+01
-2.906938653029641273e+01
-5.661056064115721398e+01
-5.541322437382892474e+01
1.785566832333784504e+01
4.852245835412564645e+01
-8.614635292836787528e+01
5.028438789532948761e+00
-1.015623760524664476e+01
1.824650016379906248e+01
1.140339516196358716e+01
1.772479707565875628e+02
-2.382540669758992635e+01
-5.799290133488224797e+01
1.317472011066413131e+02
-1.299450919931999806e+02
-4.946644473791293706e+01
2.784110292968310318e+01
-8.782771697211128981e+01
7.717543841881305866e+01
-1.717176319506344129e+01
1.544746272507185125e+01
1.175523372692170341e+02
1.573767446654994444e+02
-4.662554985527914653e+01
-1.716506008313189113e+02
1.472567499261990633e+02
-7.015067448828320096e+01
-1.110200448271692721e+02
2.332813745224467539e+01
1.549313430273565757e+02
-8.486517154134160990e+01
4.529432591234662908e+01
5.557331050365363012e+01
-1.493574863345521351e+02
-5.420220887120473208e+01
-2.439475088907265388e+01
7.143320269153701929e+01
2.219386734993493633e+02
-2.706236298073856261e+01
-1.555644089253005973e+02
4.822964419947113868e+01
-4.489850434215492214e+01
-3.795660763761006251e-01
1.339661311406774757e+01
2.723808844492783976e+01
-5.999815828258018513e+01
-3.076545353351064449e+01
9.701865194643383461e+01
-4.534483089629048891e-02
-5.879272218319756860e+01
1.207661886284675745e+01
3.957372114693487219e+01
-1.010203463737796881e+01
2.219548911042414261e+02
-2.885284117639503734e+02
4.210373823109141540e+02
-5.659142155926372197e+02
4.597657904811313756e+02
2.454882056430033117e+02
-3.419387265276420749e+02
-1.474098376411284050e+02
8.149155243950040983e+01
2.248333355395887736e+02
-3.162864621865061281e+02
1.447742373999203949e+02
4.114473756548565007e+02
-1.603493580051168976e+02
1.868362253444550447e+01
-2.299366139682709047e+02
-2.191841468755731341e+02
-1.565526257356833639e+01
-2.707256681499779916e+02
-2.581130532545370215e+02
-3.381679346147199112e+02
1.048647419745992011e+03
9.019923056402063821e+01
-5.644498213072258750e+02
5.129302636267892694e+02
-6.897318402215937283e+01
2.087591017749273590e+02
-3.624367096944826017e+01
-1.919528624642922523e+02
-3.800657597092654783e+01
5.047201787264083350e+02
-5.436872787144098993e+02
1.768220769508827743e+02
-6.045442339417596145e+01
1.058841880084410292e+02
4.561602156991165202e+01
-2.981957890558937834e+02
9.170859387236205862e+01
6.889333969627230658e+01
3.620212720134028928e+01
2.796227895124686142e+02
-1.011049352400647194e+00
-2.197255681731716663e+02
-9.921780497281395128e+01
6.083038335937656882e+01
1.019600196171753339e+02
9.392780298527412697e+00
-8.686033946811230066e+01
8.236297081184109459e+01
7.229778830047138172e+00
5.282994452115215722e+01
-2.360969562648180897e+01
3.999937293275661432e+01
-5.510717345308603399e+02
-4.668007382900560333e+04
-1.526647881846345263e+05
-7.103072192291598185e+04
-8.666267411979282770e+03
2.401624169425702348e+03
-6.269272070910072898e+02
-9.815069742852824675e+02
-1.006574346974304262e+03
-5.473460062421027033e+02
-2.982646987067433884e+02
-1.661501382114875014e+02
-6.865419380823990991e+01
-7.332595731660079252e+01
-2.396431262942527951e+01
-7.973092726541828767e+00
-1.417481912479785322e+01
-3.602966781542789931e+01
1.898053426162413970e+01
6.785044915610853877e+00
-3.949668261603494557e+01
-4.198257076443369584e+01
-3.897921103135290721e+00
1.070747868785206514e+01
7.040766803179745459e+00
-1.318727644785764852e+01
-5.055845055232676799e+00
3.568268012419739676e-01
-2.567351931121157449e+00
-2.328777327078972803e+01
2.505380889271870259e+01
-4.369783666554900137e+00
9.661223543354790166e+00
-2.445061420366267413e+01
1.831299441491436042e+01
-5.097335428704926841e+00
7.059793643008775987e+00
-1.009239970719715629e+01
-7.021437167495998999e+00
1.731358897030455779e+01
-1.544300567052591511e+01
-5.126734201906005595e+00
2.046741120790438018e+01
9.410337571206760288e+00
1.842871171135514352e+00
-2.211775016022433249e+01
1.883487364292792954e+00
1.553058496564981894e+01
-1.601475196175423577e+01
2.528237279531541759e+01
-1.364543715093415699e+01
-4.038817069334811549e+00
-7.346908802024805674e+00
-2.653225569471412015e+01
3.062469138812990010e+01
2.107523188690425542e+01
-1.377765188040373801e+01
-1.487294787805316609e+01
-9.234524478233078426e+00
1.105548230344007088e+01
1.375597398666903715e+01
1.463725164233833809e+00
-9.854268496177964742e-01
-1.240808347886257401e+01
