3.922937964865839344e+00
9.493083448833508076e-01
2.231547287238278554e-01
6.945000732592331028e-02
6.707289020201535716e-03
9.172436035925858600e-02
2.230783992144151628e-02
5.186850118353719674e-02
5.930272436945343423e-02
9.945608818542939211e-02
6.793965267994023227e-02
6.027756588891639011e-02
3.414331072456986554e-02
2.983635462928123372e-02
1.187447291488871459e-01
9.705076959454846108e-02
1.365851630305763842e-01
8.823395052743847333e-02
1.936768910004455779e-01
1.362547024264678941e-01
8.364415866410153388e-02
1.567695108906988488e-01
1.047020109431019835e-01
3.639097846835208094e-01
3.424205718792901476e-01
2.028841628724700197e-01
3.236897543353525197e-01
2.100207591078452340e-01
1.216114534364804434e-01
1.894675999982927128e-01
1.007778977972432904e-01
1.741612342272576552e-01
3.217186922329223764e-01
9.210454988663627218e-02
1.465620183057934067e-01
2.757040741558413610e-01
2.243651732286868206e-01
2.878186895460794203e-01
5.018849243192419207e-01
1.721221886667325396e-01
2.584048300505042417e-01
3.690471397152917943e-01
2.053110671956652755e-01
4.702069056415058429e-02
9.160053026942317767e-02
8.632663697092846089e-02
1.935104454796672258e-01
8.589037464958730606e-02
1.316427116719005863e-01
3.003372380961433774e-01
3.674247072698826749e-02
2.339981635781449576e-01
1.703463324798995537e-01
1.257051391222356873e-01
1.146729889538800617e-01
7.367973288110193919e-02
7.122777367025691364e-02
2.767507749406084711e-02
8.058175256962776811e-02
1.506647905706493262e-01
1.144392171988068141e-01
1.520700438022393741e-01
2.232988280028142536e-01
6.355006218138696539e-02
1.765037862943930058e-01
1.794368779075557196e-01
9.835960398084377110e-02
1.821818689693134874e-01
1.118357643783421396e-01
1.509179402079635079e-01
6.980198239134038918e-02
1.123210083392885278e-01
3.112849005403477837e-02
9.700060326941152555e-02
1.010468087843221369e-01
1.176010988921733086e-01
5.327298647160099571e-02
1.561672783289837774e-01
9.776329344747432259e-02
2.117383486874576670e-01
6.159008974305652667e-02
2.384110880327262871e-01
1.104624843229356640e-01
1.364050440583453594e-01
1.952027516617562686e-01
4.364398942726202546e-02
2.346239841635218426e-01
2.701885926253165815e-01
2.439313436950455716e-01
1.544159231385988928e-01
1.257845793939398049e-01
1.637489865458869875e-01
9.064218141577028154e-02
7.660196634665801529e-02
2.226395449130253168e-01
5.794142313051321019e-02
1.691389968881178152e-01
5.159091479047907963e-02
2.868347557298309841e-02
9.327576824218106188e-02
2.983401544084017531e-02
1.005425096003364771e-01
1.338233762579499886e-01
1.334753725272637415e-01
1.420873011033114974e-01
2.297226928941944746e-01
1.660763244072482048e-01
6.043341942929605221e-02
4.118594865315290399e-01
1.243099465479301780e-01
1.477476712772721190e-01
3.813933280001639003e-01
2.911318603342838429e-01
2.386783162780496126e-01
3.703250731677740770e-01
1.597515528941860219e-01
2.137272861835190219e-01
3.514533848812347872e-01
2.286134683984599458e-01
8.494850260345729320e-02
3.199364430465820863e-01
2.656786588763476176e-01
8.994848024169357914e-02
1.281292759963169603e-01
1.422909848511945130e-01
1.566622616342006613e-01
1.156746846306441340e-01
2.142754192119694992e-02
1.574509197266744098e-01
1.484771232616714787e-01
3.094243211483272554e-02
1.473545506530687110e-01
1.704129440552590580e-01
1.752495606082706825e-01
7.546752278225998811e-02
1.688568853367452272e-01
1.245988244785909277e-01
8.616578916111797271e-02
1.491402260867959184e-01
8.189284700948933071e-02
1.353674060985453897e-01
1.056947773524977291e-01
2.001049118764747781e-01
3.966153837140843491e-02
8.226418193663495582e-02
1.658893839855427321e-01
8.914023809667045994e-02
2.242170642644159551e-01
7.981772421609127643e-02
2.454418032153420637e-01
9.425293321288279180e-02
1.864827089551444328e-01
2.061318025028068823e-01
1.334766272792591857e-01
1.446436328741920463e-01
8.599236639527306492e-02
1.343908254205039843e-01
1.633829262200235943e-01
5.924351218741018277e-02
2.083795706930944291e-01
8.555521177729391580e-02
1.165483741932372003e-01
1.748080384935384868e-01
6.254872922916890343e-02
1.429800673078134576e-01
2.884496835629252742e-01
5.855102194149793687e-02
1.388835123699524721e-01
2.589718730926044987e-01
1.367058405492791173e-01
2.237708103827273087e-01
1.746768631985589348e-01
1.586682910590455076e-01
7.698320373125783211e-02
1.847513474697503044e-01
6.887330964462140548e-02
1.542653933138190825e-01
4.390989086035813199e-02
4.846343099508757662e-02
1.885623881416985392e-02
8.490486559367485531e-02
1.525953633937700282e-01
1.281511707443929449e-01
1.204625294819179349e-01
1.210411093989266912e-01
1.489244051469754693e-01
1.811359661611810223e-01
1.511715020369716334e-01
2.574679821428141890e-01
1.788837867006927151e-01
2.461993474441248886e-01
2.191365334438757362e-01
1.390615244551176299e-01
2.418640824309039872e-01
2.603092682312061479e-01
4.886704672439612374e-02
1.961602850089582684e-01
2.225792363758098136e-01
2.715501858875920757e-02
1.007759067711582468e-01
1.433156325275686815e-01
6.574447007628003714e-02
2.047499514651329455e-01
2.016939182797468366e-01
9.755829351982987785e-02
2.692625255205174928e-01
2.551533885521488076e-01
3.121546769199621749e-02
6.537185486864938166e-02
1.787112079488612781e-01
3.231714445856506135e-01
1.689266395089668582e-01
1.614288709274948885e-01
1.933110546316030021e-01
1.628435505894392232e-01
9.934022314864976444e-02
1.757588763649430008e-01
2.251452101391757943e-01
1.435256702289263719e-01
1.907890499709101739e-01
1.600972010900215403e-01
1.293511277309567775e-01
1.310037385909058050e-01
1.406667477385820653e-01
6.618028742167329781e-02
1.420603107542978416e-01
1.821139541820442909e-01
8.666659363460368914e-02
2.334354470754323174e-01
1.563342060531166811e-01
1.425445207341935749e-01
3.955545150371438390e-01
6.370890993485044118e-02
1.746722069652535125e-01
2.993947272343007171e-01
1.604721132165920217e-01
1.785483952091000692e-01
1.399723308445049441e-01
2.037569287506066362e-01
1.459690098439254402e-01
1.364926552054450959e-01
1.579584227823359610e-01
1.012249222922531056e-01
6.795682096620545010e-02
1.117667618566686866e-01
1.485270920760341506e-01
1.147369737810524232e-01
1.654215022158583293e-01
1.050401542547520772e-01
1.429704107838185023e-01
1.731902750687768222e-01
1.191824692272380470e-01
2.331685130563484198e-01
7.888884574811730332e-02
1.447168109696232718e-01
1.895285489381086930e-01
5.876778067743165801e-02
1.272639083850976571e-01
5.843244022858815750e-02
4.735015110168649954e-02
7.140164086302591695e-02
6.866201264242562108e-02
1.576671968582322447e-01
1.108200911554171192e-01
5.516173422690125866e-02
5.187289972197272475e-02
7.126536396448850119e-02
6.616115979393269453e-02
9.590847564532854752e-02
1.600927038793563129e-01
1.416581352967073992e-01
5.167235465696267543e-02
1.449573182914544178e-01
1.633600597829297230e-01
1.175186862312577601e-01
1.479176765008513028e-01
9.608174977115903348e-02
7.883816083133408925e-02
1.252024807945703588e-01
1.691581073678461167e-01
2.468515747336903765e-02
9.198913611928727363e-02
1.599528880290831401e-01
1.128850759942204018e-01
5.894028646490911266e-02
5.722101306781344349e-02
5.624522071736797607e-02
4.769235202251990297e-02
1.834527143073699518e-01
1.558687447731977593e-01
1.400221821958918811e-01
2.108708259415007502e-01
1.857872174244759866e-01
6.723017838826103598e-02
2.114743268549946487e-01
1.899886664880766352e-01
1.413083211893427782e-01
1.453700547928923614e-01
1.648238315673455634e-01
1.156898577149337859e-01
5.292322957443847814e-02
1.880882116794440340e-01
2.738434808413716184e-02
1.214348632536705053e-01
1.465145309972839816e-01
9.888939140756378143e-02
4.143167158866289251e-02
1.086800321386230395e-01
5.422633348902928391e-02
4.721070546628827747e-02
7.798581834255625955e-02
9.586787979800172332e-02
1.204899718016166216e-01
1.052914777126737339e-01
1.422555904075047950e-01
5.990140409705332208e-02
4.711099209926802173e-02
9.809056683462791248e-02
1.661892296832013227e-01
5.336423547897362063e-02
1.794552781994457058e-01
8.051344123028120192e-02
1.460033047153252161e-01
1.295402717356391176e-01
6.011218022270869987e-02
5.208094769624867226e-02
1.283869019229365860e-01
6.045205317963982250e-02
8.940404080274017007e-02
1.231431610921564224e-01
1.198165348100774380e-01
4.871887062079045122e-02
1.083217041325020835e-01
6.663651190626811160e-02
5.807714830706618703e-02
1.541572753737045776e-01
1.172246550169495638e-01
6.235539847179654566e-02
1.515885141833897380e-02
7.679384217230703080e-02
5.130371271220286744e-02
7.041481503247286333e-02
1.064188223519816484e-01
9.026637797306250044e-02
1.682618755681522804e-01
1.342128564140575575e-01
8.063404057189398066e-02
1.210327966781806625e-01
3.892737657095840520e-02
8.183553913497829124e-02
5.119881877325965780e-02
1.242984015353251481e-01
1.669491651829486945e-01
6.306402512557870987e-02
6.688892254347296451e-02
1.127605284059152030e-01
8.215791903464365886e-02
6.346160732100568358e-02
3.961319278617494999e-02
5.460132926260605896e-02
1.475967911368737950e-01
1.329625544065320963e-01
9.243337983435066796e-02
5.601127250966791288e-02
5.495397107989707236e-02
8.399519531261100125e-02
2.244841349236154360e-01
6.708093332647302454e-02
1.537652816022426761e-01
1.469451233727745998e-01
9.913393678587983926e-02
1.064954176461779534e-01
1.523933881855804029e-01
9.549042710913635545e-02
8.964005112112864715e-02
8.664723833833358480e-02
1.219115074824484030e-01
7.852551015139322410e-02
2.845926686061357389e-02
5.084667535584949660e-02
6.831950123495429683e-02
1.002486272952360924e-01
6.033342208685139874e-02
8.223666710098317956e-02
9.350992021240663032e-02
8.743673875080526514e-02
1.135434056817839765e-01
9.948957110911141322e-02
4.673882171969236804e-02
1.315841657559304878e-01
6.345612114749590860e-02
9.196480875117024611e-02
1.981226267723811274e-01
4.567725955632710721e-02
1.769483601441229903e-01
1.116307432420049900e-01
1.136896723028489181e-01
1.172517309616313286e-01
4.490673195877017271e-02
4.433737431321649325e-02
1.233390515400710208e-01
1.707824676784525098e-01
8.768694516896606561e-02
2.026343912571282879e-01
1.227176989226083231e-01
8.892238985641233440e-02
1.833394238974750401e-01
8.132581469896760229e-02
6.979233953444814731e-02
2.543089423714243180e-01
1.069756440871364456e-01
2.508506130729910508e-02
2.411175862493015187e-01
1.748756251670570694e-01
6.437067227829790239e-02
1.501368620724848613e-01
2.285103762288390461e-01
8.487275859806762968e-02
1.898261253879053589e-01
1.982453907726025866e-01
8.867388694353491030e-02
1.541927291535533928e-01
1.212657479752095868e-01
1.410875604898244040e-01
2.006572445108924518e-01
3.986892028332227056e-02
1.813802293077628192e-01
1.798919102282684757e-01
1.941788878779741878e-01
8.933224499407491082e-02
2.715509354844810042e-01
1.680677453163306190e-01
1.006205064760185286e-01
1.204122590126997516e-01
1.662513230663670849e-01
1.020838478237988817e-01
6.001507758944647775e-02
1.085124797507469874e-01
7.573510451663167942e-02
1.336645396769039207e-01
9.507975398734755390e-02
8.028392919576446407e-02
1.369578995907869967e-01
5.480800219283275820e-02
1.637449974097380245e-01
1.850216635929297915e-01
2.339642040557182723e-01
2.544332230092746783e-01
2.306254846888612098e-01
2.743665378072699390e-01
1.230827866571701928e-01
1.673557412157048729e-01
2.064137522813094816e-01
1.363561120469476695e-01
1.593530656741037888e-01
8.734605877130945106e-02
1.884987348087002745e-01
1.186516214514405365e-01
7.352905091685310590e-02
1.549902007791555680e-01
1.288884027496713658e-01
1.313641104843730478e-01
1.775051702004912801e-01
1.375129661040848383e-01
6.742061795110459999e-02
1.109535755571164628e-01
9.595313138629078809e-02
5.547426753446749875e-02
2.171746132901548054e-01
7.416907377640244436e-02
7.984717617251442523e-02
1.782971541794573789e-01
1.906457915850886253e-01
8.767774375645664975e-02
1.013719908632407241e-01
2.551764500608637576e-01
6.958354566653694728e-02
1.694131922340744167e-01
1.229285695439427117e-01
7.429999915748274064e-02
2.034477980046160983e-01
1.438781307842316448e-01
7.041478693359248808e-02
1.895103748471657079e-01
2.865592948254218064e-01
9.495618781054585011e-02
1.619098367519316017e-01
1.648387267958462410e-01
1.014037512948683523e-01
4.965006183076770691e-02
1.335622444938530107e-01
1.426959675126678040e-01
1.705740716308979665e-01
1.606593832726757043e-01
1.247640246512912582e-01
9.813572625344739453e-02
1.928875888034165265e-01
9.692426042436134981e-02
7.158142660107548461e-02
1.087610900611683390e-01
7.985187392535282591e-02
9.139554952791385800e-02
1.080118506718298066e-01
1.121244344822459882e-01
1.285885392934432991e-01
1.569009789500734053e-01
1.427271620669657570e-01
1.672474373810623749e-01
1.080595991627729957e-01
1.225786468950263858e-01
1.549622516452289489e-01
1.838851068577945502e-01
7.835178071870568806e-02
8.393375775164689523e-02
1.164061508054251709e-01
6.753245690787917921e-02
1.786337601151503918e-01
1.855283241537832861e-01
1.286990916652286376e-01
6.775213753394129790e-02
1.069024696229441962e-01
1.034681208515491752e-01
1.073982035299501786e-01
1.901652357414637118e-01
7.882850786126384401e-02
1.507474953813804364e-01
5.931188094429293983e-02
4.189405039214126603e-02
1.636711399415731738e-01
4.102348783758626855e-02
3.185465338727524465e-01
8.177191794615222553e-02
6.506525410040653323e-02
2.595829767941916777e-01
3.385183509083690145e-01
1.714947049046988137e-01
2.026675287782361279e-01
2.447012897110991125e-01
1.527891907784345860e-01
1.224239251184546518e-01
1.091705366260329324e-01
1.514590713876665107e-01
9.968275423296781013e-02
1.044086670656419330e-01
6.261115131525120392e-02
7.765178294140767656e-02
3.174636313799475418e-02
1.121601752844196970e-01
5.462045283318596456e-02
7.597561478306048832e-02
2.895715857300940402e-02
3.160881246535578865e-02
4.593071121964408671e-02
9.788104259774760285e-02
2.841906102230387643e-01
3.512437874674481098e-01
4.917387367591667946e-01
6.120272973979310471e-01
1.614195356853325436e-01
2.284372691042707848e-01
2.582457095637954447e-01
1.030475383364983649e-01
1.262407153283933436e-01
1.019597263746931520e-01
1.059494832587806745e-01
2.025106505066682216e-01
6.596245735982698977e-02
7.774748160762938454e-02
1.237923848571576974e-01
1.246327797461176945e-01
1.185988033147344911e-01
3.496339677961013415e-02
3.846982182004236167e-02
1.733552833945985194e-01
1.519981200369568686e-01
9.476134559276701286e-02
7.432693847987396907e-02
9.174984661094244542e-02
8.171869929837213831e-02
8.650138638358277621e-02
8.242174720741937688e-02
5.154071467441981996e-02
5.236263946734662222e-02
1.187470189746223509e-01
7.623478494523677762e-02
5.131278103008096031e-02
1.004617748544629208e-01
9.645844170371116466e-02
5.179370999302048556e-02
2.633906692472053057e-02
5.438069481667375665e-02
3.957364283384968290e-02
3.312942106855776281e-02
4.578250504401415455e-02
9.625069017136736460e-02
9.327679457250964701e-02
1.281488592071766131e-01
8.439382193263304799e-02
7.030530282487697236e-02
4.056140142284080929e-01
2.370155156348332515e-01
4.313942593076189325e-01
4.338705658476746940e-01
4.884293701983906666e-01
6.481489784142483446e-01
3.628663421113531018e-01
6.450796578735437659e-02
1.531748211881571453e-01
2.216978412945448951e-01
1.620611761643029891e-01
2.815315427994013464e-01
2.042289449819749692e-01
2.621372974370783648e-01
1.381594391459252114e-01
1.513617636410650447e-01
6.243442169461465019e-01
9.754045082374455111e-01
2.333131213689794148e+00
5.907163058903992514e-01
8.455209264679891534e-01
7.924595116203414502e-01
6.913765655241579378e-01
9.236328746921215194e-01
4.438199258887017828e-01
5.021867962519176443e-01
7.164589992230596671e-01
4.174995985134817844e-01
1.547842376288817712e-01
1.930696496613408530e-01
2.446385550790911578e-01
1.528936362349481992e-01
1.224328284601511746e-01
1.589759617390051616e-01
2.332641459427748643e-01
2.298232345079352645e-01
7.307000652660557150e-02
1.017472287355326022e-01
1.519108352561867881e-01
1.764666402530534750e-01
1.578819983697946905e-01
8.686402162658482529e-02
9.381650103236338634e-02
9.740376317133356276e-02
6.588321275917710662e-02
4.048146094092610475e-02
1.029725790570941296e-01
5.742539088047991097e-02
1.349986046317178112e-01
5.718458484925187379e-02
1.277417053394281909e-01
1.169273571085175101e-01
1.003870894320707530e-01
2.879988572349501119e-01
3.500693906118161336e-01
9.515658799591285300e-02
1.608359696248673754e-01
5.199657556819338444e-02
1.473137326053059748e-01
1.742853256549374563e-01
1.207169024855490463e-01
1.153202474946397049e-01
4.860128153135085532e-02
1.937695530352162854e-01
1.050917585617521383e-01
1.280631970747028170e-01
6.990066485242732441e-02
1.267557261320394202e-01
5.178848390118631628e-02
1.349680086181210548e-01
9.010270748172333199e-02
7.371746061804426708e-02
1.171889481842440794e-01
8.706198457496085175e-02
1.296507856065081121e-01
1.277403336485151697e-01
1.160432105201148062e-01
8.148938903942562484e-02
1.306129691872641163e-01
1.136688107180894025e-01
5.858366771180698734e-02
6.995137208719874600e-02
7.960032605115237303e-02
3.948314482959069949e-02
7.534791030554438551e-02
4.506987431913841297e-02
1.116240861970070053e-01
5.959956015712126326e-02
5.799482500392348638e-02
1.096406760421740206e-01
3.040593778674343869e-02
6.333811656117380173e-02
7.494706227956848821e-02
3.028095563186666492e-02
8.205402039926144864e-02
6.680392612090085835e-02
6.259269658532780334e-02
6.330954641231061053e-02
5.960371062373859274e-02
5.557648113147978935e-02
3.491865520636101144e-02
4.438075646004150526e-02
4.782492885966147661e-02
6.889451112557759549e-02
5.758108469991130018e-02
3.054179253238688274e-02
6.734834259021366121e-02
7.513889445776433806e-02
6.390089742186551292e-02
9.812376437584011124e-02
8.352234120384718907e-02
1.278381260561230470e-01
1.009903301545794219e-01
6.226024491044656467e-02
9.484358613970261809e-02
6.024444752104074485e-02
9.208117761568937465e-02
5.124841223064702939e-02
5.680311157241816483e-02
6.063713560595219987e-02
6.126309671110858474e-02
6.024178773668975584e-02
3.731963391287917292e-02
4.976545995978649134e-02
3.544809060349461693e-02
4.852462922029737724e-02
3.950325828456949934e-02
5.083059212906017310e-02
8.133603309871847986e-02
1.183780607493612191e-01
5.976528662924333879e-02
1.171136983092801731e-01
8.609309019076846758e-02
2.487853746649232659e-02
8.326150914282108573e-02
1.186474138408625256e-01
5.285961362914531197e-02
5.654273752623247690e-02
6.936811341534435127e-02
1.647694234667488877e-01
2.122775474082480227e-02
2.801652261038061753e-01
3.608714708497707813e-01
7.677408591581204311e-02
2.680771863357132023e-01
4.141209648660680864e-01
3.226491575731726957e-01
3.120705608802325504e-01
1.479419372612398031e-01
3.186538410398620513e-01
3.393183414558736399e-01
3.493182020036478264e-01
1.435673424898326056e-01
2.569452404556700209e-01
1.216574287559848699e-01
1.296936434416047779e-01
2.767740476850968911e-01
1.519902573295452697e-01
2.234084883407363720e-01
1.112678857625551271e-01
3.138571148544382350e-01
3.956279335072190873e-01
4.462493656264758801e-01
1.575698210519666798e-01
1.778517806765118614e-01
3.686427876027461026e-01
2.683998287262448490e-01
2.763712122466037147e-01
3.044595209638188971e-01
2.528411216561136654e-01
1.234432904465789099e-01
1.406586164419150187e-01
1.765525263395122391e-01
7.865646279280626152e-02
2.057297635517974788e-01
2.996528534965554047e-01
3.838368649380186071e-01
3.310497348020486896e-01
2.967233866851485824e-01
1.628493998612466631e-01
1.614722037701635249e-01
1.436051168451153714e-01
1.771786679846257262e-01
1.378462820511861531e-01
2.500178086845894487e-01
2.317624830501262001e-01
3.739252866108965789e-01
2.908461174724181197e-01
2.920537545508093413e-01
2.434484076272485920e-01
2.601511996011171002e-01
1.277773710087931891e-01
1.720303432133799548e-01
1.249169374154422002e-01
2.780584296246578213e-01
2.395411499668893551e-01
2.475511981840660680e-01
1.715799427041450054e-01
6.611914276576590088e-02
2.204732123279363187e-01
2.026063532916262677e-01
7.736332316210736693e-02
2.433998593797129517e-01
9.409522927648636403e-02
1.489232046510207130e-01
1.846202475537079279e-01
2.370313202156598131e-01
2.533453942583188678e-01
1.701995305883552134e-01
2.842581561407898083e-01
2.212064328797527790e-01
3.008435029802012939e-01
1.798689287016793648e-01
3.624480563957374057e-01
1.304854025528691119e-01
1.539536078452308221e-01
1.853756823660005493e-01
1.710545504736307454e-01
1.484733637011660390e-01
2.147363445108547986e-01
2.261749740309628165e-01
3.076743299796292908e-01
3.873468473806648271e-01
1.619126713751096180e-01
3.461250630837498510e-01
1.685893486603452229e-01
3.764763075731779041e-01
6.943391154544333033e-02
2.229918860723577312e-01
9.948879746648077449e-02
1.408376728646620890e-01
1.353065827732942983e-01
9.547668597633228449e-02
8.768706676729409732e-02
1.999952378433350331e-01
1.692214497546121466e-01
2.837369167999772013e-01
2.226191776959408897e-01
1.248247048385681818e-01
8.410139166301705549e-02
2.175916256412637473e-01
1.831689857113670827e-01
1.397008370240473696e-01
2.466178264482104532e-01
9.398022547845474861e-02
5.363674024334937063e-02
1.941718666804409521e-01
1.423630242091563636e-01
1.663959309136745779e-01
1.686823810149813696e-01
2.908923893274849015e-01
1.561057591285716917e-01
1.557045644901150216e-01
9.078104940533644751e-02
1.656994965989956603e-01
1.542733208847379134e-01
1.561931737520350916e-01
2.498616150137723813e-01
1.324600067174959428e-01
1.249799923173613575e-01
1.455091623393710010e-01
2.647634522793496648e-01
1.885068647875448589e-01
2.775595925908824202e-01
2.949842537750432259e-01
2.943566992165158047e-01
3.183289704128359210e-01
3.218874935110800362e-01
4.370055621026228687e-01
2.544103947763693419e-01
6.136871273223404311e-01
1.267513628481260479e-01
4.941782418597139293e-01
1.188619029428390067e-01
4.458043473226201425e-01
1.601764375775643345e-01
2.380181760308131833e-01
3.156623488961871615e-01
1.141517115170590652e-01
2.445423176933136100e-01
2.083059085807060229e-01
2.965341938508185837e-01
3.252610091712143103e-01
2.001903528416260902e-01
3.275152521437499908e-01
3.611282607278499396e-02
2.448390816808061476e-01
8.665389081789012793e-02
9.764575452276705314e-02
1.024782548557428979e-01
1.704721566112811781e-01
1.035361075844125622e-01
2.571439621067529990e-01
1.642850621094800734e-01
1.167117389896652202e-01
6.571775491887244663e-03
9.358702216986035383e-02
1.824037945542813788e-01
1.786834706854294186e-01
6.399021882661169724e-02
4.983398457199644110e-02
9.388804857229547662e-02
1.593605851511148419e-01
1.291049554420390932e-01
1.392911200442940867e-01
1.609337728797638201e-01
2.071490671326995936e-01
3.194115520039931266e-01
2.792903838031997599e-01
2.133792599105668042e-01
8.815389564155172442e-02
2.168293116300307535e-02
1.605982802864923120e-01
1.824741156829003119e-01
2.676577985093094303e-01
2.950422398916281441e-01
2.119213025190978816e-01
4.001455000893522906e-01
2.437467709051492348e-01
2.331390624767846476e-01
1.012638594367610001e-01
1.712874079137619576e-01
1.247317853306387780e-01
7.373186288214962636e-02
1.297474230988748534e-01
5.538508976238778331e-02
1.422587165547773980e-01
1.204530599043258099e-01
1.056470033260151764e-01
2.179136624172438030e-01
1.240254574398396425e-01
2.239788235812566475e-01
4.458515045728787540e-01
2.873340654182851006e-01
1.377204796351940153e-01
2.912756430430981092e-01
5.890734172094223842e-02
1.931368745077646498e-01
8.032822943626075074e-02
1.434886728610376416e-01
1.716082740335883039e-01
1.908515451152996700e-01
1.432762407194706766e-01
1.125166395264824426e-01
1.515416085008540747e-01
1.559257548513144909e-01
2.223743296215240084e-01
1.643042781398842411e-01
2.983329576693490304e-01
2.026843824964380814e-01
1.751671041540232010e-01
1.703437916429961230e-01
2.563450479559035711e-01
1.314537037705048317e-01
3.772121792100188165e-01
3.947915620310021856e-01
2.354724930998134680e-01
4.375468146901677069e-01
2.516421039399866499e-01
2.768079749884494456e-01
2.529795525803812395e-01
1.990212208211278033e-01
2.569740957291706818e-01
2.260966162030693116e-01
8.590267343043064829e-02
7.477369948002725308e-02
1.740136870726724516e-01
2.561964893642499908e-01
1.954358546981510847e-01
2.140521173102308827e-01
1.253605428792618215e-01
2.623101291329588136e-01
2.679150568068336957e-01
3.643396628966385498e-01
3.108496596161416381e-01
1.841790261982956811e-01
2.154067922778686861e-01
9.291030330146421434e-02
1.233857059241131593e-01
1.638703895093210072e-01
3.777632266003456973e-02
1.675540437577237307e-01
1.081457581464236595e-01
1.540744927530789676e-01
9.425453418641650816e-02
1.255609269035531383e-01
1.199919975890112178e-01
1.115152874920322390e-01
1.082556073213672004e-01
2.181913837651092147e-01
1.605079201348490192e-01
1.123319034079501288e-01
2.022842770709601390e-01
1.427554683008412373e-01
1.173540333526217894e-01
3.118085177762752735e-01
1.730213705210978115e-01
4.127199631265913299e-02
1.913985384922788358e-01
2.596148980416497221e-01
1.807544836579886571e-01
2.701431955696633747e-01
1.054916168203994531e-01
7.949509616788036359e-02
1.910550793089644261e-01
1.665620417229600747e-01
2.478036660300493299e-01
2.891797996018075079e-01
1.655922723580836309e-01
6.890823919783932439e-02
1.255495810384737732e-01
1.057621410482914859e-01
1.794260974751535898e-01
6.660229759506439140e-02
1.800391282303366314e-01
4.495520123447696581e-02
9.344665798401836920e-02
5.820065042528561189e-02
7.879040807527913637e-02
1.886954846025541699e-01
1.145010884365252057e-01
5.027263392328211455e-02
4.427937532806463378e-02
8.049304578454540005e-02
5.392136991427639442e-02
6.399479255402079625e-02
8.327052360387655894e-02
1.340135025256495860e-01
1.063444618754702115e-01
1.494045045278505901e-01
1.410387237242526626e-01
1.167001986390731189e-01
1.712982736937512240e-01
7.162084344477695486e-02
1.387428343707611256e-01
1.366953347654931705e-01
1.246190872172532466e-01
1.178711209069495530e-01
1.820258541761073101e-01
9.294571398058101841e-02
6.120697918230368767e-02
1.646603809246926231e-01
1.484167997959066898e-01
1.012038699138445297e-01
1.816513311693166155e-01
1.252541077286420390e-01
1.335847076966588109e-01
2.535311938549136834e-01
2.038878540823840235e-01
1.331130851065567555e-01
2.226726660279131076e-01
3.024577882068726908e-01
2.685429089798388458e-01
1.682877628882329946e-01
1.488168644591038037e-01
2.006421262447936060e-01
2.079916899510431683e-01
1.368213007022845429e-01
1.342440071067098895e-01
1.498927648920767852e-01
3.192628749707258906e-02
5.122608482121251278e-02
9.247744379146773108e-02
9.257788752475551441e-02
1.265541175056560386e-01
2.208314274639716912e-01
2.823327249029531916e-01
2.946168024106354255e-01
1.967800427398922469e-01
5.799522072692280678e-02
2.446896846553508476e-01
2.004448210957318621e-01
4.225027129357813993e-02
2.151431770284678302e-01
2.200980845872226310e-01
1.175594303788112110e-01
1.788079339548132585e-01
7.606381856369616445e-02
1.870241226547276481e-01
4.101030476189524571e-02
1.752339203835250880e-01
1.389706672409925237e-01
1.884228039486195994e-01
2.173101783833513156e-01
9.468584242265565276e-02
2.016308501605107162e-01
2.487795189630901127e-01
9.846612083358707856e-02
1.874711074392092780e-01
2.264892009733622535e-01
8.715547526703158743e-02
1.412868446098182185e-01
1.359553780708499526e-01
1.801534798338692012e-01
3.114681187672959095e-01
1.941867523379065263e-01
2.896158442554495616e-01
4.292979031288911562e-01
1.642525848395605947e-01
3.598508664880479269e-01
5.103456803187583768e-01
2.105323831737645202e-01
3.757807307144716003e-01
4.572293833133583285e-01
1.753571187319106217e-01
2.426092489706775102e-01
3.019190174610576483e-01
1.477150228727268921e-01
9.897202142271817327e-02
2.257150493420259363e-01
2.236611039201531759e-01
1.849123058325105595e-01
1.776287570604336286e-01
1.340375463399903211e-01
7.653154241707810224e-02
8.330179914929078389e-02
8.362719852240435570e-02
1.398372136888789696e-01
1.880426644405631953e-01
1.515192077846430063e-01
8.757632195400372188e-02
9.614080083806997301e-02
6.475276953787564849e-02
4.698604367626275924e-02
1.743961464567258812e-01
1.876534649660262510e-01
1.251361619534551994e-01
6.844330945961761559e-02
7.146407553521282041e-02
1.050251840103873929e-01
8.601542790919892989e-02
8.457592903512574367e-02
1.012969204421627911e-01
1.288922283910942934e-01
1.668221727373923879e-01
3.456074545641187878e-01
4.179286383297550200e-01
3.481552322268962607e-01
1.670527652795638363e-01
1.120546546433668078e-01
1.690258532977717276e-01
3.249446691321104530e-01
2.451952606112347555e-01
1.795006323441264984e-01
1.434354010799394619e-01
1.816620560521636785e-01
2.590716431104861384e-01
2.028549951361793002e-01
1.032566410865874557e-01
1.223739173950784825e-01
1.807410864623772428e-01
2.585632611542271753e-01
2.134915384360552559e-01
7.392889293018757579e-02
1.077553094361024810e-01
1.663046554882883499e-01
2.710793986182492565e-01
2.905553623913459393e-01
1.843643284177967634e-01
1.030807170293139008e-01
1.299684836720128855e-01
1.692939986584744150e-01
1.030298549193908730e-01
1.089820248721931617e-01
1.909002086768847861e-01
2.230918875894556674e-01
1.752459690895951383e-01
1.197588610001418669e-01
7.454916489661229939e-02
9.898099832322167224e-02
8.894710819594951745e-02
1.501758418273178575e-01
1.768327550891598543e-01
1.154511632982276603e-01
9.191660080515585973e-02
1.536301491014189224e-01
1.888217720519014819e-01
2.309266735379441049e-01
1.237281435887612191e-01
7.970487905338427548e-02
7.107359765420963316e-02
6.831763075788997719e-02
1.057429843563496563e-01
5.627362167059039855e-02
2.904324765459079249e-02
2.024661514478277163e-02
4.436049521969400583e-02
7.748414905250128326e-02
7.800934094122105589e-02
1.318632841007557621e-01
1.466533956206319267e-01
1.294562159148744396e-01
6.161845209142810531e-02
1.446537732760229400e-01
2.928160227104130708e-01
4.076503685687209444e-01
4.589622031364312127e-01
3.736336868278966050e-01
1.132745081463993192e-01
1.084800537364640216e-01
1.921904905131784080e-01
2.551650671115812119e-01
3.042325956184466218e-01
2.021183873607624859e-01
1.617159844521389722e-01
1.013693162589088120e-01
1.753224394848938161e-01
9.642961467188827795e-02
7.819155289190779512e-02
4.126465326807528949e-02
7.904694885733601351e-02
5.808216668743588357e-02
1.388141750290880494e-01
1.527698568061605922e-01
3.648213160011595790e-02
5.422541976366299782e-02
7.602120031056111560e-02
1.147941768553424058e-01
4.452092838069965364e-02
3.130657585682500993e-02
1.399857619094012906e-01
8.386007020108282584e-02
7.577847134911733229e-02
8.531040518388598171e-02
5.676465362025872458e-02
5.909787368058101731e-02
1.072233346054097258e-01
2.579966337792332087e-01
3.045564665346183753e-01
6.620355528824255209e-02
8.969442625903863153e-02
6.203071763627847346e-02
8.411247249446607288e-02
4.774868402440762827e-02
6.315747880967906291e-02
1.576081837294362464e-01
5.511995785242583545e-02
2.169367480567948592e-01
3.558977356614626553e-01
1.938653325151321605e-01
1.196580228205267465e-01
1.773197920890965673e-01
1.573204367516506941e-01
1.328219596670054681e-01
1.581279819370797202e-01
1.294689414174167996e-01
4.005639537763784619e-02
8.362027762420555510e-02
8.447792284610661229e-02
1.297086144233690064e-01
4.003496735374615506e-02
3.063595511880784147e-02
5.586556343466423519e-02
8.344607484064661684e-02
1.632384421050012135e-01
1.459009236081802996e-01
6.174932788810789941e-02
5.609849891442456743e-02
1.358121778891962506e-01
8.915721528798058182e-02
8.494358995305020810e-02
8.428909664933867396e-02
3.142566474292491502e-02
1.583418214605656835e-02
4.860172746782990411e-02
8.130613598411853826e-02
6.228866496748410031e-02
5.796431386716414946e-02
8.953036962089404305e-02
1.463976171045344998e-01
1.322055346935504527e-01
1.628473154318378635e-01
1.228614600054394324e-01
1.230152658564661744e-01
9.520643988802837687e-02
1.046983019354541522e-01
1.369384516019084286e-01
9.261923954415048066e-02
7.381280102379196573e-02
1.705739060077123281e-01
2.078389206290866542e-01
1.682482520360444878e-01
9.652780108521245850e-02
6.529901037263258212e-02
8.193800184606438164e-02
1.032140163602104782e-01
1.177928343668839112e-01
9.050170709962014615e-02
1.009237556079106146e-01
1.020703817728710605e-01
1.050684625279540291e-01
1.061743459714929033e-01
6.385078691932746797e-02
5.007396645814949504e-02
1.478543873589690250e-01
9.990234986926807559e-02
1.032895411146328712e-01
1.453245114835169105e-01
1.902614200168781244e-01
1.087831988190004484e-01
1.343602558504243261e-01
2.790809894272400782e-01
2.719592487950305282e-01
1.516305600463563608e-01
1.013228347410918412e-01
7.795653010411501826e-02
1.255147960602852608e-01
2.037190169555001540e-01
2.169601180669455676e-01
9.179474050734259816e-02
1.195281869112124196e-01
1.254395872920006927e-01
5.093032546447837788e-02
2.426289120288845427e-02
6.088877319860028919e-02
5.545232958376507260e-02
1.273314001805951889e-01
1.145361061783632672e-01
5.109052493622232016e-02
1.289562895700113454e-01
1.648455132092271902e-01
1.364001215709784443e-01
7.946127416223373874e-02
1.691245629831441555e-01
1.239416771689357544e-01
1.117209031841859546e-01
1.138345664835836157e-01
1.354592720229575997e-01
1.257220392439440115e-01
1.642806371179725555e-01
1.346332179612573510e-01
1.152374031990701375e-01
6.113164433479009729e-02
5.709862778319013676e-02
1.060288846151050401e-01
1.939138259891272364e-01
1.602777095222116255e-01
4.499723029315937789e-02
8.618961090680293813e-02
1.068929988988127633e-01
4.412303220960795552e-02
9.035614089390485437e-02
9.168562314310971240e-02
1.168700483602106571e-01
1.220598206524228097e-01
8.386539140620866140e-02
8.298846685949981539e-02
4.912186667852407040e-02
1.074629025027058482e-01
9.264403206643680166e-02
7.408687369814176416e-02
4.460610585940245204e-02
6.379581622444899236e-02
8.267733120018466719e-02
9.408280027873659745e-02
1.081844238416487108e-01
8.104286623523718203e-02
1.014262363383692800e-01
3.389725554238902372e-02
6.522510355271454729e-02
8.977263676623543909e-02
8.234569622005299960e-02
4.913946170981602773e-02
6.671055847702664354e-02
4.605245734869879010e-02
3.326028956733691894e-02
6.241317744717759380e-02
8.478331541900574475e-02
2.052046213483301254e-02
5.391689674272363841e-02
5.085936330905358599e-02
3.410667621320321446e-02
2.798895792010153843e-02
3.596142197823589542e-02
3.923719217447386998e-02
9.041723234475756987e-02
7.774560626060007806e-02
3.636594288332358621e-02
7.330857355369824191e-02
8.468011313989483313e-02
1.128463577905346182e-01
1.630569227875092453e-01
1.067187450169956309e-01
4.782436491392495076e-02
8.357316593174281272e-02
1.409358594238071527e-01
8.110159478192188742e-02
1.230866432297092472e-01
1.034633650000965494e-01
3.115031267178408267e-02
6.148536192482668972e-02
6.882458887608923492e-02
7.528674682006361585e-02
4.271164701952233356e-02
8.000718880012158696e-02
7.281311079466459835e-02
5.239097146286227774e-02
1.305120674830277105e-01
1.409359338792627037e-01
5.402426379744182383e-02
2.429120417164016763e-02
3.915560999861467106e-02
5.900680262274199395e-02
8.592784626824440108e-02
6.260393512499017044e-02
6.760733446430509941e-02
8.148806081122011991e-02
1.039169071194556704e-01
9.564327584754057920e-02
4.385321475258543295e-02
6.251246379998193214e-02
7.212182198519700993e-02
1.374141621957599146e-01
9.254836445930531008e-02
8.973033195237245518e-02
9.980345874468501965e-02
7.773307082899873210e-02
3.497054409396928298e-02
3.082209055769846370e-02
4.487965963915470369e-02
4.562058833692673315e-02
6.204633383155488263e-02
2.410708617551207342e-02
3.492861920632408385e-02
7.308374984297885679e-02
2.005335157557030373e-02
5.698965986453227717e-02
4.709091016043237543e-02
4.242874173012933792e-02
8.047765542318363607e-02
1.207298246231634786e-01
7.496798896418949143e-02
6.687781755921501370e-02
9.558606436049657540e-02
6.987820860515145394e-02
4.258898413128960059e-02
7.765474135732165772e-02
1.436649324412563045e-01
1.015606200696432121e-01
3.089772178233478675e-02
1.049812441827252391e-01
1.102089810691887217e-01
3.406773516611083519e-02
8.247808583704616114e-02
6.198482003995360590e-02
1.386559601185779859e-02
6.093601136214691488e-02
2.732486212034130474e-02
5.859608821368916115e-02
3.634106616872628814e-02
6.327247360467516679e-02
6.071443118099499603e-02
5.275805571279888750e-02
5.606650059971594185e-02
3.227185379255954195e-02
7.997995170223945460e-02
7.314063584241857485e-02
1.037921997571711191e-01
1.171730443818006090e-01
7.130367072547692808e-02
7.039981491413561943e-02
5.725030024770901005e-02
1.077196874544658206e-01
1.433966124801607511e-01
6.094299550698015905e-02
8.464620821578469623e-02
1.909683296097275385e-02
1.084087627189485314e-01
9.487658698984356709e-02
6.985271501441096820e-02
2.831883317527522301e-02
7.571207400131736709e-02
7.226854925719815304e-02
1.232251421720237800e-01
1.531216503123762618e-01
2.595145152064732424e-02
9.525839524523009583e-02
1.202728294602047887e-01
6.737437158643891366e-02
9.844021953880159603e-02
5.599886451183545139e-02
5.184390613266610243e-02
8.781772698723926129e-02
1.025815724157120717e-01
7.753931606190581083e-02
8.601676138831877705e-02
6.756923671480979943e-02
2.584354234635666964e-02
4.407186914199816979e-02
8.058114133069006757e-02
6.915873729054086705e-02
7.484739249819180595e-02
5.412314190690422494e-02
1.054962784264532744e-01
1.296579710442690714e-01
7.063859301565758586e-02
1.353178831956479700e-01
1.499851451610277608e-01
6.176658383423593718e-02
6.138482400386677251e-02
1.612314754325341326e-01
8.219483386388048984e-02
7.177829642127443732e-02
1.215082907001602680e-01
4.836483899860870989e-02
6.329652451058785656e-02
4.805877710714364509e-02
5.212767437622120581e-02
1.457723155654757075e-01
1.375998807273759450e-01
1.014199693538550551e-01
8.981849239618799885e-02
8.831065525952140616e-02
1.607204362743506199e-01
1.371054883943089997e-01
5.125887470296146275e-02
9.245801604845380051e-02
3.816885581662155663e-02
1.054129626534626579e-01
1.217705830744655465e-01
9.456025754888570944e-02
6.734015499476812827e-02
9.020902966068576612e-02
6.759844542812708246e-02
1.208652256360768507e-01
1.478526724204972109e-01
1.363759207901648896e-01
8.241547625627586304e-02
5.729329638376754602e-02
4.239464489228354782e-02
5.543896762526693417e-02
3.788160769213246709e-02
7.061989652050422450e-02
4.430667347241417503e-02
1.773923288392709879e-02
5.443678325954241087e-02
7.808241070273311268e-02
6.036541382875800638e-02
4.120969209501693098e-02
8.894507600269606351e-02
1.121161586717339259e-01
8.418784379873808787e-02
4.222865741697222342e-02
8.275255608273562880e-02
5.015909392266561240e-02
2.730090759042729312e-02
3.851610765548071219e-02
1.497506748523367431e-02
2.967426131717509213e-02
2.657537964396204655e-02
1.270057298219944564e-01
1.407164802648007695e-01
2.517881754224359642e-02
1.053532526722397444e-01
1.105663842198698898e-01
4.522878729254786734e-02
1.034022625425252695e-01
1.141514878613306555e-01
6.861486285694837206e-02
1.192204857986862848e-01
1.483337600685507851e-01
8.006970962387741086e-02
7.105067353000182884e-02
9.265141595197755320e-02
4.792843056196673113e-02
1.285517047346075026e-01
1.438186695053689790e-01
2.485201356650848861e-02
9.696775421977385512e-02
1.066514248937542042e-01
8.055929950467960454e-02
4.272583858930542600e-02
6.291534375655666311e-02
8.639703752289484839e-02
2.402888073732119267e-02
2.327014706586471790e-02
4.685699440199471433e-02
1.051075461700644864e-01
1.068278103669645096e-01
5.835580760928742172e-02
1.343861158857621585e-01
4.098164591374715143e-02
9.838822696033248938e-03
7.922994782935081914e-02
6.406293510183459772e-02
1.076733304367442773e-01
5.882586265794621100e-02
1.616902828538218095e-01
1.540745368067400478e-01
5.095951540898360776e-02
1.067112698740146776e-01
1.913271104114279697e-01
1.174169366474691334e-01
1.460470450730205760e-02
1.018922467740707299e-01
9.139578294842921891e-02
1.234998698577315507e-01
1.611395465240395564e-01
1.280555318755002836e-01
1.277624550557581173e-01
1.154879385344535214e-01
9.665961466598305130e-02
1.326440490437098274e-01
1.077592463327112365e-01
1.182679121398478583e-01
1.255190441681199032e-01
9.986594972169858531e-02
9.239677026524929782e-02
1.110141962569003993e-01
5.103922246301300508e-02
9.732398214818875626e-02
4.324488173430594828e-02
5.719474634943047531e-02
9.811247778845989809e-02
7.242846423811362400e-02
4.669592997505853105e-02
6.921805974304225118e-02
1.493900289631773792e-01
1.311974684792240053e-01
6.072770742909103237e-02
4.246387259886696269e-02
6.517719863720525253e-02
8.157062194650445408e-02
3.814055678203465138e-02
9.042221677525408285e-02
6.622717119607934855e-02
7.038247018149511314e-02
6.848364440646446949e-02
6.456760207658815420e-02
8.840880054888515527e-02
5.048329162063561193e-02
5.772592118103115483e-02
6.959311162769721282e-02
9.787346259107075619e-02
5.591873059835603815e-02
9.630805237170783628e-02
1.059954594636119962e-01
5.741372209708182905e-02
6.752431044978395025e-02
1.373989461994872541e-01
1.189234079525541971e-01
3.758694247134497513e-02
3.754655890843466154e-02
6.867624605891378686e-02
9.951976295336563416e-02
9.420310777187235196e-02
6.852557011843596335e-02
5.652377197877511000e-02
8.051648189490330509e-02
8.639581278324477698e-02
1.029722080789419181e-01
4.884892531639827701e-02
2.548995288405167536e-02
5.569212573602780325e-02
9.099476593956956627e-02
1.085994381384415147e-01
9.674001297477330397e-02
1.468120332596890010e-01
1.754632851260717330e-01
1.056642524809858763e-01
4.511505581055268166e-02
9.529406827451911144e-02
6.763804060687521325e-02
5.575940132998202792e-02
9.167679615736691601e-02
1.157001920803873291e-01
1.488164602633768041e-01
8.289721882951986420e-02
1.006312601567247063e-02
4.532944129079531648e-02
3.043094309746798357e-02
7.603165939201797507e-02
5.907290615128463207e-02
2.988136444565768490e-02
7.402656163236706610e-02
7.942674496960470953e-02
3.057936664973988708e-02
6.617148136510529743e-02
9.495465565169880495e-02
1.207161353320559960e-01
9.490105149135037721e-02
3.930765339911264367e-02
5.562202641213986887e-02
1.269652160599827606e-01
1.154566674286461175e-01
9.729073443737744353e-02
6.407326291261064566e-02
3.911297464548741526e-02
4.335030200508287884e-02
3.415375578251655941e-02
1.129563122100760153e-01
1.312873105114908956e-01
5.687889972686237944e-02
8.072889035417261938e-02
6.606327466280013938e-02
8.807181163103910970e-02
1.660757805329350911e-01
1.224792495929665770e-01
2.024702585814549052e-02
7.153356613272296438e-02
1.083570343423411464e-01
7.562936228669783767e-02
8.480811978179800259e-02
5.910570551578129411e-02
2.980879732989824560e-02
1.227069006926277406e-01
1.943493969944158906e-01
1.108934615875379476e-01
6.297066820633959172e-02
6.540846116968031254e-02
6.316472375593913668e-02
8.089716602274535373e-02
8.216703921952879519e-02
3.410829011467402666e-02
5.184603422159667074e-02
7.162834766326624247e-02
8.494579337469231051e-02
5.391108651951063979e-02
5.620849776556252619e-02
8.589505978203529346e-02
9.023178175955573477e-02
4.288548393680352566e-02
5.228484555251819432e-02
6.293922173835997391e-02
3.033075404026212493e-02
5.022381514503152650e-02
6.639746798569966246e-02
7.111428499806721204e-02
7.033301828351501417e-02
4.558038587320775714e-02
6.641557769854165849e-02
4.033839023892978742e-02
1.614192736117180810e-02
4.399832049556376412e-02
2.781121637029950605e-02
6.361116301614924695e-02
7.491368687332393417e-02
7.720301068707391412e-02
1.269735433287923487e-01
1.169002775465426414e-01
8.767621505111472535e-02
8.609902553495357713e-02
9.399351579980265436e-02
3.837672051849046195e-02
1.123641991859310185e-01
1.154575700367028723e-01
4.415746267543406434e-02
9.565105113257464653e-02
8.379050913917009125e-02
4.862766647178774077e-02
1.296118753990167238e-01
1.493401685764820797e-01
6.854488767891295242e-02
8.533498120837570977e-02
8.302817908960290205e-02
7.011454249315983434e-02
5.941310232900161997e-02
6.437649629485558966e-02
8.110726407406486371e-02
4.580309288893923136e-02
8.673673259085058762e-02
9.561736408092874617e-02
7.625281739155195804e-02
6.953441565394208324e-02
6.487062894040067362e-02
6.842634807619255022e-02
4.288523672353505151e-02
9.059901580574661328e-02
1.018498182280029030e-01
6.149361347941906253e-02
1.170620060100356075e-01
1.552495521318768001e-01
1.122715573444038467e-01
1.276266469017567073e-01
9.931984046897285312e-02
6.594099050353577351e-02
6.420204076709543073e-02
3.356932082489426372e-02
1.999603565414518822e-02
6.521192125707675480e-02
9.805629996098964851e-02
8.993287410921402270e-02
3.851744565416829330e-02
7.002348042925521376e-02
6.441857474622086910e-02
4.791083868786031458e-02
4.932521161431736162e-02
7.148060448686729962e-02
8.183602250655934440e-02
8.896273730003892433e-02
5.772241726144029111e-02
5.131380088972036652e-02
8.709317025523602429e-02
4.284417167080790262e-02
9.172533405945045015e-02
5.600617217712964419e-02
7.451353966390177053e-02
1.125213257746505990e-01
5.357339184703823615e-02
5.703324574644318828e-02
9.535477616542040180e-02
1.234582276520712896e-01
7.744279822548763570e-02
5.621432636928539589e-02
9.339856090569957636e-02
6.777998103758067772e-02
8.038226830140751678e-02
6.406131723669269973e-02
2.776464583147295745e-02
1.631320348694790048e-02
7.821060993736947409e-02
2.557387489694739821e-02
1.478727914331524895e-01
1.109092369316422994e-01
2.072849256338965551e-02
5.094823455875795853e-02
4.994597241150391942e-02
4.199435010289706560e-02
3.237176478424808740e-02
5.735236314996439849e-02
1.188301373766564584e-01
1.356136891644718900e-01
9.603309317622030217e-02
1.424441404660319217e-02
5.621999068213529710e-02
5.949208454225127923e-02
1.861909658071463775e-02
4.191590622393102927e-02
6.168382320780314843e-02
4.543969956839098712e-02
4.780035683349628112e-02
8.235104367900540623e-02
4.686967575019088117e-02
6.825978377929139973e-02
7.550626653364020391e-02
4.018543147736557825e-02
5.489532146234278598e-02
6.663966595149876937e-02
6.613876511614184828e-02
2.677286264165952903e-02
5.467641292550043386e-02
3.749971915792826155e-02
4.372812346565414787e-02
4.727376986449167290e-02
4.254970598381115771e-02
1.883697582836834153e-02
6.301870993634979545e-02
5.458767610351727279e-02
4.115893264926703127e-02
7.764638401311578508e-02
2.380094394064661417e-02
3.177135170589288210e-02
6.775375816920632677e-02
3.347659052506501282e-02
3.854364955181478064e-02
9.649157037338669529e-02
4.542069715939951735e-02
5.597817108092832672e-02
6.582674977644176195e-02
8.023726791829975669e-02
8.987611673523439315e-02
3.203246633621818079e-02
1.067963166216837206e-01
1.506366952069265186e-01
1.058505800055332263e-01
1.859740411209578337e-01
2.051344647127523735e-01
5.161171498820311260e-02
3.946803530711780889e-02
7.721967978130159227e-02
7.263678823830892195e-02
4.531513763474275674e-02
6.430570813493910465e-02
7.677821316690379427e-02
6.619017580423033897e-02
5.015189880111164955e-02
4.452179372510927519e-02
4.510742362531783983e-02
1.775874238355561185e-02
9.139639422740569730e-02
8.555404935496234431e-02
5.764368372304640858e-02
1.023778869643523354e-01
9.835272046935636392e-02
1.310441474269486706e-01
1.047717112699595304e-01
4.959392662121601958e-02
1.150798692220377645e-01
8.719603104763405665e-02
1.025102534155939403e-02
3.681788465331981008e-02
2.469467035021298204e-02
8.649344642719547505e-02
5.514063825939630181e-02
3.569637815334777975e-02
7.131376810082740159e-02
1.283335216379478116e-01
1.530927114728307115e-01
8.867184382729789704e-02
3.215601271137480399e-02
6.615178014019060249e-02
7.206179894115267992e-02
4.100207138781148536e-02
9.040134383231204773e-02
5.454090345492501601e-02
4.027592728754426227e-02
1.892039304298357219e-02
6.630547724169991164e-02
6.701456934892818795e-02
2.144664041687089837e-02
5.055466162382928064e-02
7.205437486035659589e-02
5.653995172398471741e-02
3.387787975573960247e-02
6.003369152616246096e-02
6.254317798338372703e-02
3.883373130939871826e-02
5.373829064935638916e-02
8.066759424865635464e-02
3.363827829573422246e-02
8.557043546117673594e-02
1.345199176836028576e-01
8.176657166607388671e-02
6.018440294805670748e-02
7.973628731978196771e-02
4.120280492577257231e-02
3.545518378643801316e-02
7.422558163113510132e-02
2.675336551542189384e-02
6.435515823576445915e-02
6.424186485931285273e-02
5.896667688981137301e-02
3.630077534948376178e-02
5.362938951935904835e-02
6.916729984006353416e-02
5.675678986944880655e-02
4.622049031102842126e-02
6.381919770627855759e-02
5.613962146931302660e-02
9.871176437643255919e-02
1.061524769235181742e-01
5.054128834392783431e-02
6.801929199326753328e-02
3.366393027632877399e-02
1.198996692559786970e-01
1.084259752574585622e-01
6.966651868653360447e-02
6.222180089716498191e-02
5.299470835489952097e-02
8.438241130356602393e-02
7.313496575553787848e-02
4.858480432311403086e-02
1.130575873626776112e-02
5.713528651008985271e-02
8.065072008584656116e-02
6.286886755436542351e-02
8.881989101891941962e-02
3.705217534651122219e-02
5.345574927170981122e-02
1.076009605588180013e-01
7.995217649575217522e-02
5.581233762879434651e-02
5.900879910584986426e-02
5.553375420427212467e-02
7.706472102406060343e-02
4.742446759011587076e-02
8.447298338311322319e-02
6.896567486269773728e-02
8.751526922368543793e-02
7.728140500563110415e-02
1.011929359832130781e-01
9.262831379445322921e-02
3.017997061254295080e-02
5.850394750576340397e-02
8.058874157853519737e-02
9.233093548159009012e-02
6.249462626050219377e-02
2.386605159270185905e-02
3.841018682442975257e-02
6.489521675311500648e-02
1.186016930469293018e-01
1.367257321123371838e-01
1.442055509131037472e-01
9.217646669116932867e-02
3.565375213519515057e-02
6.562186016624672880e-02
4.109561222360177957e-02
1.251648129691134703e-01
1.040872620892272227e-01
7.927104196607734354e-03
1.092255276610514803e-01
8.986548154747979467e-02
5.031169600506807393e-02
1.345188619509436190e-01
4.821971519394552957e-02
4.590001539996957369e-02
5.396416631390544422e-02
3.588040853306811995e-02
1.085647957018946175e-01
1.234289718440716721e-01
4.742539641894832902e-02
9.414704956687078297e-02
1.204895714807681928e-01
3.102760685561336412e-02
1.003876980217773968e-01
1.049461234702985662e-01
3.236707989609644703e-02
4.592300916362204721e-02
3.189719374412186559e-02
5.649142239388147552e-02
2.511767400478802717e-02
8.714764700357054139e-02
6.294072542837657325e-02
1.133122822024428544e-01
1.340048572988344622e-01
1.069854165947718982e-01
6.707666283776927973e-02
7.961670833040394857e-02
6.242165620159260964e-02
6.328809230107496075e-02
4.254343908394732365e-02
8.366750589708182861e-02
6.506993290163688715e-02
1.893874037698304105e-02
7.142292093934639319e-02
6.190929835027939726e-02
7.718050940798730497e-02
1.231286629491590984e-01
1.209857804720047975e-01
1.602428928640693695e-01
1.378101235807595026e-01
4.931380546321465635e-02
1.154792667877634627e-01
8.593827415361302013e-02
5.934589915563907858e-02
1.399793674731233117e-01
1.608809227060306046e-01
6.383472701641351721e-02
1.060730692262403102e-01
1.543984766216323079e-01
5.954156905815338741e-02
8.113609528016932360e-02
1.373140564174490930e-01
8.812109952994294504e-02
7.984739363346451957e-02
5.742152725953598991e-02
8.746371135677209752e-02
1.268582755062903356e-01
9.777654549299874542e-02
4.080197888359150121e-02
2.838984348694726170e-02
8.110845536980006154e-02
1.331251478824242440e-01
1.170106897476421159e-01
4.839561487230671644e-02
4.527037152204455711e-02
9.205710480416194608e-02
1.215854709830316710e-01
1.257387175296911519e-01
6.919060491275365321e-02
7.389961933534466842e-02
1.069617395109753594e-01
1.694224142106929010e-01
2.075293792832418882e-01
1.942359312585836828e-01
1.010800611468328364e-01
1.003007828521615546e-01
1.904509745474725901e-01
1.518194353649902906e-01
2.713170898428004033e-02
8.480565957763809559e-02
5.565254855431235603e-02
2.817122029099031894e-02
5.895870318552993289e-02
4.706392454025196820e-02
9.304024580452160964e-02
9.238571268580263174e-02
9.837940036939203658e-02
9.943336183302665943e-02
8.037944665943909384e-02
9.109638727812829906e-02
1.756923138913137616e-01
7.760604289154643398e-02
1.079014211481625629e-01
1.214698174701685091e-01
7.246384599182602304e-02
1.060684169061937715e-01
1.222314475825575786e-01
9.956886154584174142e-02
3.292019847038328562e-02
7.760283895115920039e-02
1.060437147158287963e-01
4.860105870168900111e-02
9.516043493003770171e-02
4.284603815474791882e-02
6.792570306355938392e-02
6.499536755859841586e-02
8.456912418289190547e-02
3.971817548839323697e-02
5.679146655749413991e-02
1.016651696365007823e-01
1.241170467322423587e-01
1.026066036568651779e-01
1.303018681223476749e-01
6.954341003791215947e-02
9.742409282103239865e-02
7.348179479779323731e-02
6.711015922609937789e-02
1.517386622740308777e-01
7.868658613358306408e-02
8.528143912761687595e-02
1.024628250984620376e-01
7.627646719581550327e-02
5.528747069538951509e-02
6.388194222977632009e-02
4.432741854232462309e-02
7.370591018567201891e-02
9.982891879187051620e-02
1.467790252872395174e-01
1.537701732722573655e-01
8.661824355587485758e-02
1.717282148376291229e-01
1.426316473371219973e-01
3.655144649140529278e-02
1.554156476354137950e-01
1.431849440530625628e-01
4.455891786226336831e-02
5.668007497393141164e-02
8.172240681511448723e-02
1.332736800666387278e-01
1.003380405712220175e-01
2.861633477687396121e-02
7.053410313494580530e-02
9.604757321580996432e-02
8.426379550198680179e-02
6.421425374575141787e-02
9.423953003046348087e-02
1.538102552553492486e-01
1.388006407988914559e-01
7.736632829199623258e-03
1.676182024494976275e-01
2.161066853229184348e-01
1.343324044152394425e-01
7.238284215345743011e-02
1.698769706363846832e-01
1.338889677875997886e-01
5.217563625774857688e-02
9.699923473475753621e-02
7.327852224577570406e-02
1.206475208427501139e-01
9.154223021514186487e-02
5.324791267574178338e-02
1.398139290796293344e-01
1.325794644499282970e-01
1.274951613596030098e-01
1.899644144588089334e-01
8.845073392239424792e-02
5.684137025686517714e-02
7.398569615957412138e-02
9.342817491770324945e-02
7.841608998462784585e-02
1.237529298459087851e-01
1.463211481876799391e-01
1.252581231916883586e-01
1.444937110388652135e-01
1.385860816377469384e-01
1.811440611577905813e-01
1.298433393484877130e-01
1.093461489051686664e-01
7.163756125561750177e-02
4.335076878915394144e-02
6.875151683621721910e-02
7.391612024915023005e-02
6.844551051572296541e-02
7.101058050145393763e-02
6.218008585829870594e-02
2.422611401426538746e-02
7.925562100245940600e-02
2.485429596476666780e-02
4.483496638493419256e-02
8.646433764503883013e-02
7.892013973176378872e-02
7.271176980039341375e-02
1.462737044305038592e-01
1.183129021030781824e-01
6.667445058689148996e-02
9.423408547391438905e-02
4.398726934441724024e-02
7.365788065277473207e-02
9.685626743070353817e-02
1.029534178092432195e-01
8.779945644865551346e-02
6.139485021790802577e-02
4.017968394910192975e-02
3.059911901180879107e-02
3.015086890160532940e-02
4.086021838253033750e-02
7.052094278929993409e-02
5.221890573494657184e-02
4.720409501081803544e-02
3.681232136361441143e-02
2.180609474456604580e-02
6.382302707834398847e-02
4.651224201086490845e-02
1.018676870027581186e-02
1.491568171287607769e-02
2.083298525400445120e-02
3.107686005261102447e-02
3.453375255111266334e-02
8.096561337299372496e-02
1.367653313975487617e-01
1.100893601251965864e-01
7.513034555217935895e-02
4.209404332802876847e-02
4.133270105137194783e-02
1.251396631062317022e-01
2.260193681381137687e-01
2.160347005647692553e-01
1.490289629344237199e-01
5.965118357247889413e-02
5.483588520302082325e-02
1.000361790204976203e-01
1.051480452585951131e-01
5.118206297404206268e-02
1.344452746854079561e-01
2.823451992572136859e-01
2.769285793618541103e-01
1.274965614724204999e-01
6.123980278901615393e-02
6.461344190792023268e-02
7.504882371140661479e-02
9.866429029602161171e-02
1.202506473338003229e-01
2.238743321330683989e-01
8.268082889908187627e-02
2.165310151560043694e-01
2.996281862513625605e-01
2.794500221037836685e-01
1.214247050904615627e-01
1.008609283876336082e-01
1.746520296914592096e-01
1.195254635641707641e-01
6.863927117288454172e-02
7.024765004843451510e-02
1.572683579507407059e-01
2.228089893874197480e-01
2.544789977378710821e-01
1.395118628444671771e-01
2.945109253610461164e-01
5.992230148606454421e-01
7.106316183233669648e-01
6.155465294755908534e-01
2.079615056711548171e-01
2.554017082967218744e-01
1.711713147735983154e-01
3.280756832172048165e-01
2.705411129480160271e-01
4.838092246104129246e-01
2.952898092808124986e-01
1.707446252170302381e-01
3.238095210604217122e-01
2.584553271159610865e-01
1.793315778936841465e-01
3.444860801002049833e-01
1.624890600168724941e-01
2.139062576747020605e-01
2.733844790355045018e-01
1.813129977112603874e-01
9.473387934206368988e-02
9.437078067706282380e-02
8.896415452949811564e-02
1.474446705698060078e-01
1.471548994772502450e-01
1.189559553962859090e-01
1.671260636897116958e-01
1.235137583680318563e-01
2.042399160177433282e-01
2.439562906982830626e-01
6.790635654032674273e-02
1.198989579289454488e-01
2.267898859564871361e-01
2.504995885858466442e-01
1.899632403134270953e-01
1.184225338978469461e-01
2.243914094849971397e-01
2.547889300087379794e-01
1.041998887685405550e-01
2.207033733607614290e-01
1.247396763030991923e-01
1.108607884059485404e-01
1.241066124540645133e-01
1.203549598459929260e-01
9.627684943406983331e-02
7.380536244903984633e-02
7.172382678310086634e-02
2.817921877616508253e-02
1.296409035830329293e-01
5.485850313697126363e-02
1.796120881741802844e-01
7.811233754814177199e-02
1.051801497803350055e-01
2.717047555679469872e-01
2.752450081606052090e-01
9.956387137729515169e-02
1.484372331804181822e-01
2.086093946911324881e-01
7.733738883791647922e-02
2.594557684334173331e-01
2.079069921635007812e-01
1.973715260779985714e-01
1.219108948746859544e-01
2.995050485987689748e-01
2.707142329295182392e-01
3.557520868129419589e-01
6.426474381478470832e-01
3.230909690380019961e-01
3.557848180724249576e-01
4.723219255146739459e-01
3.474415652280823386e-01
2.122003393474444222e-01
3.806915563937250391e-01
2.232789899818492241e-01
2.214724769096560741e-01
1.760444406760304226e-01
1.910814958481953652e-01
1.438755991261444211e-01
1.222994014447809502e-01
2.913240874846552697e-01
1.644784564710790598e-01
9.553831340782908965e-02
1.187826922230809656e-01
2.644275234694105081e-01
9.028630716442410942e-02
3.890691252056842075e-01
1.715950452922341829e-01
2.795394731148400647e-01
3.305657429261472102e-01
1.437113469425788381e-01
1.300294577731837264e-01
2.286121766718613724e-01
1.893825701715882714e-01
1.577554948341688967e-01
2.785743263205039955e-01
2.877998130795569875e-01
2.800816280897294730e-01
1.353809353901052892e-01
2.027820576049164658e-01
2.189570278824020944e-01
8.745720021067265870e-02
3.067100037858375705e-01
1.781155274077594053e-01
2.696728566569163155e-01
2.090027408706872925e-01
2.012018145392892032e-01
2.386226292768501567e-01
8.926919174460920536e-02
3.711785068335126669e-01
3.084426758156516013e-01
3.254605951120154161e-01
4.094911642269845053e-01
1.114558788792072708e-01
3.243631457416414343e-01
2.557666406375599388e-01
7.183443432851768784e-02
2.517989548087776197e-01
2.704116185501000413e-01
8.874530597566028522e-02
1.611408963685947160e-01
2.389694787232855555e-01
1.148168861148786551e-01
2.396522614647113580e-01
2.715672243507970540e-01
7.895449460039173639e-02
1.706952814727386580e-01
3.322085174828225962e-01
6.122564700779167257e-01
5.984087747776768440e-01
3.545969982257188291e-01
9.905558476889370079e-02
1.934575065951571471e-01
1.301489465903542808e-01
2.190059516814269192e-01
6.915072951483257346e-02
2.309980856391206094e-01
1.877627063767654814e-01
2.387248721027227238e-01
2.070431473413950063e-01
9.840422103305589141e-02
1.104810261275195327e-01
1.799993859119337070e-01
1.158731118897383949e-01
1.005996519510766463e-01
1.809399708055958733e-01
2.669122499469113730e-01
2.997887902760861256e-01
3.126055885279888646e-01
2.487360211053604164e-01
1.132592879644110095e-01
1.484622301618994111e-01
1.016000674613404542e-01
9.360818061340900331e-02
1.607957926786398595e-01
1.507780076239827738e-01
1.242723234623509809e-01
3.440001159559460397e-01
2.801382798976596589e-01
1.907727232015511143e-01
4.633967177648166125e-01
4.421840257417198883e-01
2.474118853662931328e-01
4.620417307696559894e-01
6.653705213221262627e-01
4.137247545057314846e-01
2.226014093956713569e-01
5.389874472150739670e-01
4.208576109832624090e-01
2.365871326462712643e-01
4.405875704250961644e-01
1.845612650819908052e-01
3.989301423652066303e-01
4.782810843669630385e-01
1.954454456927502692e-01
3.782807771086492132e-01
5.146104013545529376e-01
1.492288644379971274e-01
1.728423087044367035e-01
1.473964060144649091e-01
1.885926160116870032e-01
2.828005403330808853e-01
3.287491000410252551e-01
2.828710256539073709e-01
2.361941841216807780e-01
1.828500773616420216e-01
3.886158429993242236e-01
1.892479619401103152e-01
3.252663258891714260e-01
4.205914222138593117e-01
1.627194449003400434e-01
3.570643528645190967e-01
3.230108804747933715e-01
1.551567555553334532e-01
4.083946865257330749e-01
2.916531933469538873e-01
7.515905314467205556e-02
3.685126583412464685e-01
2.644105494373162890e-01
2.107985633245231805e-01
3.198247620597573504e-01
2.299083227906957849e-01
8.757476198714619908e-02
2.658698886222445323e-01
2.191122137896953925e-01
7.687074040232294569e-02
1.292348835721965072e-01
6.659648620165206645e-02
1.241194766185478859e-01
1.601943772944015021e-01
4.642972461930812422e-02
8.175325126552300536e-02
1.053516403426807552e-01
6.351839378997925500e-02
1.081395523791920527e-01
1.079499875440528001e-01
6.242889963685358673e-02
5.378738046749066692e-02
9.909966157035983436e-02
7.173126601645245237e-02
5.715033254181967753e-02
5.724981357615686883e-02
3.827140852602598647e-02
6.904247075398051159e-02
5.648816983074240322e-02
6.407383892324854113e-02
7.720674157933826720e-02
8.914148945599183194e-02
1.348954923538150108e-01
7.142783878073936943e-02
3.986936404981054893e-02
9.614786664519821280e-02
7.843875839761797752e-02
8.655143937650712493e-02
1.992551804209290178e-02
4.662736315101749518e-02
2.759002125985208706e-02
8.137778742866054460e-02
3.473778636134495362e-02
1.554308442755781595e-02
3.402241084893792983e-02
2.016298901314078282e-02
4.405424272318882173e-02
6.580456519096862522e-02
5.105658482386944697e-02
6.801678554133291921e-02
2.560554013533063514e-02
4.127753156155329617e-02
2.609297994392173470e-02
3.964489411217339554e-02
2.012144184865045926e-02
3.849346408316695750e-02
6.147385438470383962e-02
4.607799793894049728e-02
3.537466321995049595e-02
6.019573471626089162e-02
3.316233482296999935e-02
6.429432195944838335e-02
9.811485094121571993e-02
6.379675993448662152e-02
4.897780497454719273e-02
7.423599907716529889e-02
3.565487206940394505e-02
7.979954053024179705e-02
1.467836057770792457e-01
1.126444555134529651e-01
4.465644139159882092e-02
6.866099453399787667e-02
5.953073396187685135e-02
1.098934711509606255e-01
1.532950539720402405e-01
1.051929247362753256e-01
9.951425082312818915e-02
5.132852217176232107e-02
1.028018161911662814e-01
6.739902226921758166e-02
2.821823738644278420e-02
5.784603635583024372e-02
7.548341897740712403e-02
1.015155964281580503e-01
7.021428581463072527e-02
5.777695738954553850e-02
8.637323359637981424e-02
5.514835571219663113e-02
1.337272434825397538e-01
5.599930917628348492e-02
8.047841969555502573e-02
6.660468887794100679e-02
2.550236610159426487e-01
1.249231780096468764e-01
7.619368171320112237e-01
1.342921625632685467e+00
2.015045449449186066e+00
1.716763410584744243e+00
5.362134749533202516e-02
3.128669535184612216e-01
1.027984049480599321e-01
4.703472499426468167e-01
2.737198442739209869e-01
5.544500528036675480e-01
4.457208232686157290e-01
5.167107619632073101e-01
7.306584521143909550e-01
4.963569626947619273e-01
3.558341005191982265e-01
2.890948649083789901e-01
4.477232118258966387e-01
6.903356703181909859e-01
3.256257435828091018e-01
4.116398027531696924e-01
1.157930672872072159e-01
1.245291908141125781e+00
2.240600321925090732e+00
5.450886877704069766e-01
1.011877310062066604e+00
2.026195637528105109e-01
1.440239549497052129e-01
2.373019808956199905e-01
1.582255424307256741e-01
1.561657083077606645e-01
1.408207465324728125e-01
4.366495112731623718e-01
4.724135759627099973e-01
3.866003501433538658e-01
5.211530589982668049e-01
2.014863778965780283e-01
2.237394439282916203e-01
1.944403493799615745e-01
2.583258117015838629e-01
1.976129843279951503e-01
2.011974043120517142e-01
1.134722181247175277e-01
2.973468813824260426e-01
3.082126516806351080e-01
1.538910716919155430e-01
1.310739706672761351e-01
1.184974911398514880e-01
9.165239967777144559e-02
1.121438969746262893e-01
2.242096216258911145e-01
2.133887927137516627e-01
2.497121018158245664e-01
1.320742465556438705e-01
1.513689189254236178e-01
8.084477456572289333e-02
6.302489865969743144e-02
2.160881117166510434e-01
1.894501747005262193e-01
2.047152345874433399e-01
2.239079545695603912e-01
2.623588695073326704e-01
9.652975710072397852e-02
1.926635004110579530e-01
2.361899569463097870e-01
1.113459373348175685e-01
1.112547439056018189e-01
8.579902107363419905e-02
1.059854258439875685e-01
1.319839051895733695e-01
7.457745861438810908e-02
1.253737030053380941e-01
1.522692300110634334e-01
4.466518213757936229e-02
3.048637584893296726e-01
6.209619942686737254e-02
1.539926257570454760e-01
1.932565373811874210e-01
2.440936029829986753e-01
1.543767465040873366e-01
2.333533531788722637e-01
7.497458125653348737e-02
8.238753450244612475e-02
2.052679905522362402e-01
1.608791621735098931e-01
5.258180420455656201e-02
2.025023041823220959e-01
2.649174713608560827e-01
1.723221965862430372e-01
1.100202037184602744e-01
1.461276236808432549e-01
2.026819044526989022e-01
2.124461317186231990e-01
1.733999543704791146e-01
1.553769952896571216e-01
1.056779385524582587e-01
1.273245562605740122e-01
1.458954853934295304e-01
1.134940157368676400e-01
1.812180179100406352e-01
9.868987551943622649e-02
5.275837514098544873e-02
1.699114027536614002e-01
3.797715331140719824e-02
1.256528531378118541e-01
1.111501278021357481e-01
1.650648425925545504e-01
1.257186643960155892e-01
2.599621833183685671e-01
1.120102790379895880e-01
1.598531683338922926e-01
1.385185380376771913e-01
1.553662393782077600e-01
1.115388024535229061e-01
1.792262362075376925e-01
2.625893436686293492e-01
1.607045377015119680e-01
9.053845232284528366e-02
3.495678204191625671e-01
2.821233263268123001e-02
2.176339643717703776e-01
1.532046138955472925e-01
1.902386086393451359e-01
8.453104090804992865e-02
8.714152373320177558e-02
1.650768398850669672e-01
1.677831259034862910e-01
1.213107251512155899e-01
4.086496442398613455e-02
8.309688682681641569e-02
1.085986984029286978e-01
1.207276912949072772e-01
1.228858461520068862e-01
5.266149169174823286e-02
5.778299382412065144e-02
1.331513241269451364e-01
6.383254051410477969e-02
1.265596660614795033e-01
1.487488200387251935e-01
2.021669360635307555e-01
1.722087736498283395e-01
5.820085281793400955e-02
1.294871731953028959e-01
9.064120692270880020e-02
1.735089520920903294e-01
2.647822674398856990e-01
1.663662713308452501e-01
1.636450582563152845e-01
2.652526221857525734e-01
2.238964325474718797e-01
1.166443253598499902e-01
1.220289349333542467e-01
1.333974529072749493e-01
9.924649363114260159e-02
1.429770691665775695e-01
2.751126773904795653e-01
6.057893619832534216e-02
1.117673055134900534e-01
2.426879551404229896e-01
1.683406553261831418e-01
1.065607574201948016e-01
1.076656553938582228e-01
1.186688491911924159e-01
1.946928948521697567e-01
1.546851755965852060e-01
1.486551143339602532e-01
7.009952868752813981e-02
1.041251481475600899e-01
1.539272142540395183e-01
1.386858787652875402e-01
2.502412400209822474e-01
1.056313164408884397e-01
1.163193512975030097e-01
2.379528185562115594e-01
2.162213730503082798e-01
6.411605077677559605e-02
1.470151071221758310e-01
4.168850327004727102e-02
7.916176699631180536e-02
2.042191252010865654e-01
7.326027747025193326e-02
1.629977993039133377e-01
2.018934469747402649e-01
1.002593033427658514e-01
1.212555027155233084e-01
6.190001865938966202e-02
2.970767543513209291e-02
1.291833387453491522e-01
5.148744793183582247e-02
7.536032345873641680e-02
1.631253814726569551e-01
8.292903746312202395e-02
3.934797263402415451e-02
1.124192584216394120e-01
8.161965698256347379e-02
6.599732804042128531e-02
1.609763729739418225e-01
1.025241089990383825e-01
1.720024470343111400e-01
2.489010044425943591e-01
1.214336679987700202e-01
2.346559829115444917e-01
1.798248744486956596e-01
1.169127023072410038e-01
2.442204320904370896e-01
3.043643762997842728e-02
1.872237629593370978e-01
1.895760420347601394e-01
3.175018858952508571e-01
1.343169513719468799e-01
1.432311072746209335e-01
7.293944385954985454e-02
6.191302485404140410e-02
6.350819279375448378e-02
9.361835827311081049e-02
5.284730037931972824e-02
1.129111847496927640e-01
1.100631791654967107e-01
1.818108679381590931e-01
1.515511873449711944e-01
2.083381251463663764e-01
1.342025190059726869e-01
7.523231998676591092e-02
1.095881824356967765e-01
2.224855067134859921e-01
1.714836051183834253e-01
1.474556070363767790e-01
4.157106598265200570e-02
1.637040228953062226e-01
1.480066512138312473e-01
1.143716299727503410e-01
3.792314707242733229e-02
1.716370300119680337e-01
2.547482432122003537e-01
2.203207028889198893e-01
1.427514601372174285e-01
1.495903642754715934e-01
1.242420682371938034e-01
8.497590620905121073e-02
1.360315547439072681e-01
1.968857159983288529e-01
1.635721820612075217e-01
1.741309792756759733e-01
2.218264549655682427e-01
1.370029366080653677e-01
1.536500104263594790e-01
2.126194249685822157e-01
1.746864947309121341e-01
2.122050375640139874e-01
8.122194593986196975e-02
7.948184649209885655e-02
8.750075718771008204e-02
5.331989723143470278e-02
5.498399438926630800e-02
8.534134353808817131e-02
1.139281364229832866e-01
9.221654046532144766e-02
2.791976640388357800e-01
1.358079562699689713e-01
4.714720360712430780e-02
1.183415767536323548e-01
7.806624048172461361e-02
4.196534233931625141e-02
1.192560167263358173e-01
9.486125209219241350e-02
1.032489578216010395e-01
1.039008618307831477e-01
5.701366641959147025e-02
1.245317784124629484e-01
5.943042534824617695e-02
7.767467391149650291e-02
1.252480656364593492e-01
1.227186329684224891e-01
1.065123842424062633e-01
6.367915141781241295e-02
1.201543327460932037e-01
8.689957733912090365e-02
5.028737997066049653e-02
4.962432781968478812e-02
8.392373820921757155e-02
8.689617809355312805e-02
7.664644514854300483e-02
4.593680132011378203e-02
4.922914089280874816e-02
9.272154807925313269e-02
1.503470506663310002e-01
1.454973172077511367e-01
9.188962604495123920e-02
1.049383442329947652e-01
1.357282507535661487e-01
1.411590477221794926e-01
5.667495916544857543e-02
3.205464846748796309e-02
3.722649179731322283e-02
2.162535362395894001e-02
4.532166542325798131e-02
6.468982216476165670e-02
1.617619016146700228e-01
1.167222800924805487e-01
4.802381716451244176e-02
2.508192106075152195e-02
7.455618717269356377e-02
1.001982029716721040e-01
5.719975584141148706e-02
2.576475286408845544e-02
5.529814368797698193e-02
4.154791306859856315e-02
5.542443175983359505e-02
3.813282389027349006e-02
5.206669053958527110e-02
7.632176897747869337e-02
3.848628876813968425e-02
4.804752442274912855e-02
2.691885064660220345e-02
1.137954381772317142e-01
8.251413178717389996e-02
1.337349455614091076e-01
1.031765832320789694e-01
4.795681409890850677e-02
4.144718329713774352e-02
2.034898767290450605e-01
4.779596331513668445e-02
8.818909997240800824e-02
1.525462358923508344e-01
3.635672464153283379e-02
5.886599048014044822e-02
1.513350183830388940e-01
8.366634642012442391e-02
7.696315890345493960e-02
8.949792706384669672e-02
7.728358386856493123e-02
7.788586829906909981e-02
1.260497687994042992e-01
7.651758572887758236e-02
1.566714293416771042e-01
9.945405605684785877e-02
9.602668381200239744e-02
5.593474003182721116e-02
