3.445400000000000000e+04
3.442600000000000000e+04
3.444100000000000000e+04
3.443900000000000000e+04
3.446300000000000000e+04
3.445300000000000000e+04
3.448000000000000000e+04
3.442600000000000000e+04
3.444400000000000000e+04
3.438700000000000000e+04
3.443300000000000000e+04
3.445100000000000000e+04
3.441500000000000000e+04
3.444300000000000000e+04
3.445800000000000000e+04
3.444700000000000000e+04
3.444600000000000000e+04
3.446600000000000000e+04
3.444500000000000000e+04
3.444300000000000000e+04
3.445600000000000000e+04
3.446500000000000000e+04
3.445800000000000000e+04
3.445100000000000000e+04
3.444400000000000000e+04
3.444400000000000000e+04
3.442500000000000000e+04
3.444600000000000000e+04
3.444300000000000000e+04
3.446000000000000000e+04
3.441900000000000000e+04
3.442900000000000000e+04
3.448600000000000000e+04
3.446700000000000000e+04
3.445200000000000000e+04
3.443700000000000000e+04
3.445300000000000000e+04
3.445300000000000000e+04
3.443500000000000000e+04
3.443500000000000000e+04
3.445700000000000000e+04
3.444300000000000000e+04
3.444900000000000000e+04
3.445700000000000000e+04
3.445500000000000000e+04
3.445600000000000000e+04
3.444700000000000000e+04
3.442900000000000000e+04
3.444500000000000000e+04
3.444100000000000000e+04
3.446400000000000000e+04
3.445500000000000000e+04
3.446200000000000000e+04
3.446100000000000000e+04
3.442800000000000000e+04
3.443500000000000000e+04
3.447100000000000000e+04
3.442700000000000000e+04
3.444200000000000000e+04
3.443900000000000000e+04
3.446200000000000000e+04
3.444800000000000000e+04
3.445500000000000000e+04
3.443900000000000000e+04
3.444200000000000000e+04
3.443800000000000000e+04
3.444400000000000000e+04
3.443900000000000000e+04
3.446000000000000000e+04
3.444600000000000000e+04
3.444500000000000000e+04
3.442100000000000000e+04
3.445100000000000000e+04
3.443600000000000000e+04
3.444600000000000000e+04
3.445500000000000000e+04
3.448500000000000000e+04
3.447400000000000000e+04
3.441400000000000000e+04
3.446700000000000000e+04
3.445400000000000000e+04
3.445000000000000000e+04
3.444000000000000000e+04
3.443500000000000000e+04
3.447700000000000000e+04
3.446600000000000000e+04
3.445600000000000000e+04
3.446100000000000000e+04
3.447200000000000000e+04
3.443900000000000000e+04
3.443500000000000000e+04
3.444200000000000000e+04
3.443400000000000000e+04
3.449200000000000000e+04
3.447400000000000000e+04
3.444600000000000000e+04
3.444800000000000000e+04
3.447000000000000000e+04
3.447800000000000000e+04
3.451100000000000000e+04
3.463900000000000000e+04
3.504600000000000000e+04
3.580400000000000000e+04
3.774200000000000000e+04
4.254100000000000000e+04
4.667300000000000000e+04
5.191700000000000000e+04
5.235900000000000000e+04
5.150000000000000000e+04
5.439400000000000000e+04
6.649000000000000000e+04
9.524200000000000000e+04
1.570650000000000000e+05
2.467140000000000000e+05
2.423410000000000000e+05
2.122840000000000000e+05
2.351140000000000000e+05
2.927290000000000000e+05
2.950650000000000000e+05
2.945360000000000000e+05
2.935010000000000000e+05
2.929430000000000000e+05
2.938790000000000000e+05
2.956070000000000000e+05
2.949700000000000000e+05
2.953890000000000000e+05
2.961070000000000000e+05
2.954180000000000000e+05
2.953660000000000000e+05
2.956560000000000000e+05
2.948930000000000000e+05
2.955290000000000000e+05
2.955430000000000000e+05
2.953080000000000000e+05
2.955400000000000000e+05
2.953100000000000000e+05
2.954200000000000000e+05
2.954070000000000000e+05
2.955690000000000000e+05
2.954570000000000000e+05
2.959380000000000000e+05
2.958590000000000000e+05
2.952790000000000000e+05
2.949230000000000000e+05
2.945370000000000000e+05
2.952980000000000000e+05
2.952560000000000000e+05
2.958080000000000000e+05
2.950130000000000000e+05
2.947890000000000000e+05
2.959370000000000000e+05
2.958520000000000000e+05
2.960090000000000000e+05
2.960010000000000000e+05
2.957000000000000000e+05
2.963280000000000000e+05
2.962240000000000000e+05
2.960600000000000000e+05
2.966850000000000000e+05
2.968510000000000000e+05
2.968490000000000000e+05
2.967470000000000000e+05
2.968420000000000000e+05
2.965220000000000000e+05
2.966370000000000000e+05
2.964970000000000000e+05
2.965700000000000000e+05
2.968260000000000000e+05
2.968720000000000000e+05
2.960450000000000000e+05
2.959920000000000000e+05
2.962140000000000000e+05
2.961870000000000000e+05
2.967550000000000000e+05
2.964990000000000000e+05
2.957160000000000000e+05
2.962850000000000000e+05
2.970200000000000000e+05
2.965120000000000000e+05
2.967260000000000000e+05
2.959980000000000000e+05
2.967680000000000000e+05
2.970970000000000000e+05
2.966260000000000000e+05
2.966080000000000000e+05
2.965930000000000000e+05
2.976480000000000000e+05
2.970220000000000000e+05
2.979490000000000000e+05
2.976380000000000000e+05
2.974100000000000000e+05
2.971890000000000000e+05
2.972320000000000000e+05
2.973620000000000000e+05
2.967490000000000000e+05
2.970250000000000000e+05
2.971680000000000000e+05
2.970400000000000000e+05
2.974540000000000000e+05
2.972790000000000000e+05
2.973330000000000000e+05
2.970580000000000000e+05
2.965300000000000000e+05
2.967720000000000000e+05
2.963010000000000000e+05
2.970670000000000000e+05
2.972290000000000000e+05
2.969900000000000000e+05
2.976680000000000000e+05
2.975980000000000000e+05
2.974350000000000000e+05
2.975320000000000000e+05
2.977660000000000000e+05
2.969730000000000000e+05
2.974640000000000000e+05
2.974660000000000000e+05
2.975230000000000000e+05
2.976490000000000000e+05
2.976620000000000000e+05
2.976210000000000000e+05
2.976890000000000000e+05
2.975830000000000000e+05
2.976310000000000000e+05
2.979990000000000000e+05
2.975950000000000000e+05
2.972990000000000000e+05
2.974470000000000000e+05
2.974780000000000000e+05
2.976470000000000000e+05
2.981010000000000000e+05
2.980690000000000000e+05
2.979680000000000000e+05
2.975960000000000000e+05
2.977890000000000000e+05
2.975540000000000000e+05
2.974410000000000000e+05
2.977340000000000000e+05
2.978940000000000000e+05
2.978730000000000000e+05
2.977610000000000000e+05
2.978500000000000000e+05
2.979110000000000000e+05
2.979190000000000000e+05
2.976840000000000000e+05
2.978850000000000000e+05
2.978540000000000000e+05
2.977700000000000000e+05
2.978090000000000000e+05
2.976350000000000000e+05
2.979800000000000000e+05
2.979140000000000000e+05
2.977210000000000000e+05
2.975820000000000000e+05
2.978480000000000000e+05
2.978870000000000000e+05
2.979600000000000000e+05
2.979480000000000000e+05
2.980380000000000000e+05
2.978750000000000000e+05
2.979570000000000000e+05
2.979930000000000000e+05
2.979490000000000000e+05
2.978270000000000000e+05
2.978380000000000000e+05
2.979490000000000000e+05
2.977750000000000000e+05
2.979810000000000000e+05
2.978790000000000000e+05
2.978870000000000000e+05
2.979230000000000000e+05
2.981070000000000000e+05
2.981070000000000000e+05
2.981010000000000000e+05
2.977930000000000000e+05
2.978540000000000000e+05
2.978850000000000000e+05
2.983530000000000000e+05
2.984070000000000000e+05
2.981210000000000000e+05
2.980000000000000000e+05
2.980790000000000000e+05
2.980320000000000000e+05
2.978360000000000000e+05
2.981760000000000000e+05
2.981930000000000000e+05
2.981510000000000000e+05
2.981390000000000000e+05
2.981830000000000000e+05
2.981180000000000000e+05
2.982480000000000000e+05
2.980190000000000000e+05
2.980970000000000000e+05
2.979610000000000000e+05
2.981700000000000000e+05
2.980520000000000000e+05
2.981310000000000000e+05
2.980890000000000000e+05
2.980940000000000000e+05
2.980530000000000000e+05
2.979100000000000000e+05
2.984560000000000000e+05
2.981070000000000000e+05
2.983150000000000000e+05
2.982230000000000000e+05
2.981900000000000000e+05
2.980410000000000000e+05
2.983190000000000000e+05
2.982370000000000000e+05
2.983600000000000000e+05
2.981550000000000000e+05
2.982600000000000000e+05
2.983540000000000000e+05
2.983640000000000000e+05
2.981140000000000000e+05
2.980960000000000000e+05
2.981020000000000000e+05
2.983270000000000000e+05
2.981910000000000000e+05
2.982520000000000000e+05
2.982230000000000000e+05
2.983690000000000000e+05
2.982920000000000000e+05
2.983150000000000000e+05
2.983000000000000000e+05
2.982500000000000000e+05
2.982650000000000000e+05
2.981940000000000000e+05
2.982520000000000000e+05
2.983680000000000000e+05
2.983670000000000000e+05
2.981910000000000000e+05
2.983820000000000000e+05
2.983090000000000000e+05
2.983340000000000000e+05
2.983340000000000000e+05
2.983350000000000000e+05
2.984970000000000000e+05
2.983880000000000000e+05
2.982080000000000000e+05
2.984920000000000000e+05
2.986200000000000000e+05
2.984240000000000000e+05
2.981060000000000000e+05
2.983660000000000000e+05
2.984940000000000000e+05
2.983880000000000000e+05
2.983930000000000000e+05
2.984520000000000000e+05
2.985270000000000000e+05
2.985220000000000000e+05
2.984750000000000000e+05
2.986510000000000000e+05
2.985070000000000000e+05
2.984780000000000000e+05
2.984040000000000000e+05
2.984190000000000000e+05
2.983950000000000000e+05
2.984330000000000000e+05
2.984800000000000000e+05
2.985160000000000000e+05
2.985640000000000000e+05
2.983630000000000000e+05
2.985180000000000000e+05
2.983890000000000000e+05
2.985270000000000000e+05
2.984850000000000000e+05
2.986100000000000000e+05
2.985310000000000000e+05
2.985990000000000000e+05
2.986060000000000000e+05
2.985370000000000000e+05
2.984600000000000000e+05
2.984840000000000000e+05
2.984940000000000000e+05
2.985150000000000000e+05
2.984950000000000000e+05
2.985090000000000000e+05
2.984290000000000000e+05
2.984890000000000000e+05
2.984660000000000000e+05
2.987910000000000000e+05
2.984220000000000000e+05
2.985950000000000000e+05
2.986640000000000000e+05
2.985120000000000000e+05
2.985370000000000000e+05
2.985110000000000000e+05
2.984810000000000000e+05
2.985330000000000000e+05
2.984830000000000000e+05
2.985850000000000000e+05
2.988170000000000000e+05
2.988550000000000000e+05
2.986540000000000000e+05
2.986080000000000000e+05
2.988150000000000000e+05
2.985840000000000000e+05
2.985550000000000000e+05
2.986430000000000000e+05
2.986920000000000000e+05
2.986010000000000000e+05
2.987440000000000000e+05
2.986770000000000000e+05
2.985840000000000000e+05
2.986070000000000000e+05
2.985600000000000000e+05
2.987000000000000000e+05
2.988650000000000000e+05
2.987250000000000000e+05
2.985940000000000000e+05
2.987790000000000000e+05
2.986500000000000000e+05
2.986970000000000000e+05
2.986960000000000000e+05
2.987170000000000000e+05
2.986340000000000000e+05
2.986090000000000000e+05
2.987140000000000000e+05
2.987660000000000000e+05
2.986480000000000000e+05
2.986640000000000000e+05
2.987400000000000000e+05
2.987350000000000000e+05
2.993680000000000000e+05
2.981640000000000000e+05
2.991350000000000000e+05
2.985010000000000000e+05
2.989590000000000000e+05
2.994520000000000000e+05
2.989650000000000000e+05
2.984020000000000000e+05
2.986120000000000000e+05
2.992220000000000000e+05
2.985390000000000000e+05
2.991480000000000000e+05
2.989110000000000000e+05
2.993280000000000000e+05
2.989050000000000000e+05
2.989060000000000000e+05
2.988050000000000000e+05
2.983290000000000000e+05
2.987020000000000000e+05
2.979740000000000000e+05
2.979150000000000000e+05
2.987940000000000000e+05
2.987290000000000000e+05
2.985650000000000000e+05
2.990360000000000000e+05
2.989950000000000000e+05
2.991390000000000000e+05
2.990830000000000000e+05
2.988750000000000000e+05
2.994690000000000000e+05
2.988660000000000000e+05
2.984570000000000000e+05
2.990790000000000000e+05
2.985780000000000000e+05
2.987090000000000000e+05
2.991250000000000000e+05
2.985680000000000000e+05
2.989590000000000000e+05
2.988200000000000000e+05
2.988670000000000000e+05
2.992730000000000000e+05
2.990260000000000000e+05
2.987990000000000000e+05
2.988320000000000000e+05
2.988490000000000000e+05
2.989580000000000000e+05
2.990190000000000000e+05
2.988870000000000000e+05
2.990690000000000000e+05
2.990110000000000000e+05
2.990370000000000000e+05
2.990090000000000000e+05
2.990660000000000000e+05
2.979930000000000000e+05
2.266060000000000000e+05
1.084540000000000000e+05
3.608900000000000000e+04
3.503300000000000000e+04
3.487700000000000000e+04
3.482200000000000000e+04
3.471400000000000000e+04
3.463900000000000000e+04
3.457400000000000000e+04
3.453500000000000000e+04
3.449400000000000000e+04
3.448200000000000000e+04
3.444600000000000000e+04
3.443600000000000000e+04
3.445000000000000000e+04
3.443000000000000000e+04
3.442500000000000000e+04
3.443900000000000000e+04
3.446700000000000000e+04
3.442900000000000000e+04
3.443900000000000000e+04
3.440300000000000000e+04
3.444200000000000000e+04
3.440900000000000000e+04
3.443100000000000000e+04
3.441900000000000000e+04
3.442000000000000000e+04
3.441100000000000000e+04
3.439900000000000000e+04
3.441200000000000000e+04
3.441000000000000000e+04
3.440900000000000000e+04
3.441800000000000000e+04
3.442600000000000000e+04
3.443400000000000000e+04
3.442800000000000000e+04
3.442500000000000000e+04
3.441400000000000000e+04
3.440500000000000000e+04
3.440700000000000000e+04
3.439200000000000000e+04
3.441300000000000000e+04
3.445800000000000000e+04
3.445600000000000000e+04
3.443600000000000000e+04
3.444300000000000000e+04
3.445100000000000000e+04
3.443600000000000000e+04
3.443500000000000000e+04
3.444400000000000000e+04
3.440000000000000000e+04
3.441400000000000000e+04
3.441900000000000000e+04
3.443600000000000000e+04
3.445900000000000000e+04
3.443900000000000000e+04
3.441600000000000000e+04
3.443200000000000000e+04
3.440700000000000000e+04
3.446000000000000000e+04
3.444100000000000000e+04
3.441500000000000000e+04
3.442400000000000000e+04
