3.843700000000000000e+04
3.846100000000000000e+04
3.846800000000000000e+04
3.842800000000000000e+04
3.849200000000000000e+04
3.843000000000000000e+04
3.847900000000000000e+04
3.848100000000000000e+04
3.850100000000000000e+04
3.845900000000000000e+04
3.845300000000000000e+04
3.841900000000000000e+04
3.848800000000000000e+04
3.848100000000000000e+04
3.842700000000000000e+04
3.843300000000000000e+04
3.848000000000000000e+04
3.847600000000000000e+04
3.844600000000000000e+04
3.848600000000000000e+04
3.846800000000000000e+04
3.848800000000000000e+04
3.846900000000000000e+04
3.847800000000000000e+04
3.848400000000000000e+04
3.845900000000000000e+04
3.849000000000000000e+04
3.847600000000000000e+04
3.846600000000000000e+04
3.844400000000000000e+04
3.842600000000000000e+04
3.845500000000000000e+04
3.846200000000000000e+04
3.847600000000000000e+04
3.844700000000000000e+04
3.848900000000000000e+04
3.842400000000000000e+04
3.845900000000000000e+04
3.844300000000000000e+04
3.847200000000000000e+04
3.843300000000000000e+04
3.846500000000000000e+04
3.846700000000000000e+04
3.845300000000000000e+04
3.843100000000000000e+04
3.848400000000000000e+04
3.841900000000000000e+04
3.844400000000000000e+04
3.842500000000000000e+04
3.847700000000000000e+04
3.843100000000000000e+04
3.846400000000000000e+04
3.846500000000000000e+04
3.846300000000000000e+04
3.848100000000000000e+04
3.845900000000000000e+04
3.844600000000000000e+04
3.842300000000000000e+04
3.844300000000000000e+04
3.847200000000000000e+04
3.845600000000000000e+04
3.842600000000000000e+04
3.844200000000000000e+04
3.845400000000000000e+04
3.842100000000000000e+04
3.845700000000000000e+04
3.846000000000000000e+04
3.843300000000000000e+04
3.842800000000000000e+04
3.845900000000000000e+04
3.848100000000000000e+04
3.847900000000000000e+04
3.849900000000000000e+04
3.849200000000000000e+04
3.843600000000000000e+04
3.845300000000000000e+04
3.845400000000000000e+04
3.847900000000000000e+04
3.847400000000000000e+04
3.846300000000000000e+04
3.842400000000000000e+04
3.849800000000000000e+04
3.849500000000000000e+04
3.843600000000000000e+04
3.846400000000000000e+04
3.844900000000000000e+04
3.846700000000000000e+04
3.847600000000000000e+04
3.846700000000000000e+04
3.843600000000000000e+04
3.846400000000000000e+04
3.849500000000000000e+04
3.844700000000000000e+04
3.846300000000000000e+04
3.847800000000000000e+04
3.844600000000000000e+04
3.848100000000000000e+04
3.849800000000000000e+04
3.848900000000000000e+04
3.853900000000000000e+04
3.859300000000000000e+04
3.870500000000000000e+04
3.911000000000000000e+04
3.967500000000000000e+04
4.003500000000000000e+04
4.039000000000000000e+04
4.115200000000000000e+04
4.308100000000000000e+04
4.953800000000000000e+04
6.325500000000000000e+04
7.618600000000000000e+04
6.939200000000000000e+04
6.269400000000000000e+04
5.721300000000000000e+04
5.858500000000000000e+04
7.949900000000000000e+04
1.970810000000000000e+05
2.865890000000000000e+05
2.921430000000000000e+05
2.914560000000000000e+05
2.919330000000000000e+05
2.927240000000000000e+05
2.935540000000000000e+05
2.940520000000000000e+05
2.930280000000000000e+05
2.925930000000000000e+05
2.940020000000000000e+05
2.937920000000000000e+05
2.933390000000000000e+05
2.936420000000000000e+05
2.933410000000000000e+05
2.932870000000000000e+05
2.935520000000000000e+05
2.938430000000000000e+05
2.934990000000000000e+05
2.937640000000000000e+05
2.936760000000000000e+05
2.934160000000000000e+05
2.938070000000000000e+05
2.937720000000000000e+05
2.937790000000000000e+05
2.933720000000000000e+05
2.935220000000000000e+05
2.944470000000000000e+05
2.965500000000000000e+05
2.949760000000000000e+05
2.936270000000000000e+05
2.940590000000000000e+05
2.937090000000000000e+05
2.934700000000000000e+05
2.943550000000000000e+05
2.935730000000000000e+05
2.934360000000000000e+05
2.935190000000000000e+05
2.934860000000000000e+05
2.935510000000000000e+05
2.935360000000000000e+05
2.932200000000000000e+05
2.929150000000000000e+05
2.934140000000000000e+05
2.932260000000000000e+05
2.932760000000000000e+05
2.933950000000000000e+05
2.934360000000000000e+05
2.933870000000000000e+05
2.932880000000000000e+05
2.936570000000000000e+05
2.936710000000000000e+05
2.938050000000000000e+05
2.934310000000000000e+05
2.934520000000000000e+05
2.937330000000000000e+05
2.944060000000000000e+05
2.929560000000000000e+05
2.931090000000000000e+05
2.929750000000000000e+05
2.933230000000000000e+05
2.930450000000000000e+05
2.927690000000000000e+05
2.929620000000000000e+05
2.929960000000000000e+05
2.924970000000000000e+05
2.926090000000000000e+05
2.925130000000000000e+05
2.924710000000000000e+05
2.924810000000000000e+05
2.925550000000000000e+05
2.928870000000000000e+05
2.926850000000000000e+05
2.912990000000000000e+05
2.920680000000000000e+05
2.913720000000000000e+05
2.916200000000000000e+05
2.921840000000000000e+05
2.921700000000000000e+05
2.928750000000000000e+05
2.927770000000000000e+05
2.926100000000000000e+05
2.926370000000000000e+05
2.931400000000000000e+05
2.928500000000000000e+05
2.929700000000000000e+05
2.931770000000000000e+05
2.929370000000000000e+05
2.924670000000000000e+05
2.923880000000000000e+05
2.925880000000000000e+05
2.928600000000000000e+05
2.926080000000000000e+05
2.929850000000000000e+05
2.925180000000000000e+05
2.926770000000000000e+05
2.926790000000000000e+05
2.927420000000000000e+05
2.921360000000000000e+05
2.925850000000000000e+05
2.929660000000000000e+05
2.930250000000000000e+05
2.932680000000000000e+05
2.929910000000000000e+05
2.927210000000000000e+05
2.929270000000000000e+05
2.930980000000000000e+05
2.930410000000000000e+05
2.930530000000000000e+05
2.929420000000000000e+05
2.926150000000000000e+05
2.922670000000000000e+05
2.924870000000000000e+05
2.930140000000000000e+05
2.935290000000000000e+05
2.933820000000000000e+05
2.929520000000000000e+05
2.930160000000000000e+05
2.927220000000000000e+05
2.926770000000000000e+05
2.926080000000000000e+05
2.928080000000000000e+05
2.927440000000000000e+05
2.928090000000000000e+05
2.929130000000000000e+05
2.929330000000000000e+05
2.928840000000000000e+05
2.927430000000000000e+05
2.927820000000000000e+05
2.929010000000000000e+05
2.926270000000000000e+05
2.927460000000000000e+05
2.928600000000000000e+05
2.928100000000000000e+05
2.930500000000000000e+05
2.929110000000000000e+05
2.927840000000000000e+05
2.927630000000000000e+05
2.927360000000000000e+05
2.930040000000000000e+05
2.927930000000000000e+05
2.929630000000000000e+05
2.926610000000000000e+05
2.929170000000000000e+05
2.927670000000000000e+05
2.929780000000000000e+05
2.925790000000000000e+05
2.928230000000000000e+05
2.928520000000000000e+05
2.928940000000000000e+05
2.926440000000000000e+05
2.928500000000000000e+05
2.928000000000000000e+05
2.928230000000000000e+05
2.927540000000000000e+05
2.929800000000000000e+05
2.930670000000000000e+05
2.928160000000000000e+05
2.927740000000000000e+05
2.925070000000000000e+05
2.929220000000000000e+05
2.930700000000000000e+05
2.930160000000000000e+05
2.927990000000000000e+05
2.929320000000000000e+05
2.930260000000000000e+05
2.927920000000000000e+05
2.928590000000000000e+05
2.930510000000000000e+05
2.929990000000000000e+05
2.928830000000000000e+05
2.928480000000000000e+05
2.929910000000000000e+05
2.930060000000000000e+05
2.930100000000000000e+05
2.928920000000000000e+05
2.928160000000000000e+05
2.929200000000000000e+05
2.929260000000000000e+05
2.929130000000000000e+05
2.928770000000000000e+05
2.929540000000000000e+05
2.928300000000000000e+05
2.928920000000000000e+05
2.927880000000000000e+05
2.931960000000000000e+05
2.927780000000000000e+05
2.930450000000000000e+05
2.929940000000000000e+05
2.928810000000000000e+05
2.929770000000000000e+05
2.931780000000000000e+05
2.929780000000000000e+05
2.929230000000000000e+05
2.930020000000000000e+05
2.930260000000000000e+05
2.931430000000000000e+05
2.929270000000000000e+05
2.928960000000000000e+05
2.928490000000000000e+05
2.928790000000000000e+05
2.929810000000000000e+05
2.929520000000000000e+05
2.929420000000000000e+05
2.929960000000000000e+05
2.931440000000000000e+05
2.930370000000000000e+05
2.930390000000000000e+05
2.929780000000000000e+05
2.929960000000000000e+05
2.929420000000000000e+05
2.928830000000000000e+05
2.928980000000000000e+05
2.930650000000000000e+05
2.929940000000000000e+05
2.928710000000000000e+05
2.929730000000000000e+05
2.929910000000000000e+05
2.930330000000000000e+05
2.929100000000000000e+05
2.931170000000000000e+05
2.930640000000000000e+05
2.927420000000000000e+05
2.929430000000000000e+05
2.933500000000000000e+05
2.931360000000000000e+05
2.928720000000000000e+05
2.929070000000000000e+05
2.931850000000000000e+05
2.930050000000000000e+05
2.930200000000000000e+05
2.929540000000000000e+05
2.930790000000000000e+05
2.930650000000000000e+05
2.930650000000000000e+05
2.932320000000000000e+05
2.932130000000000000e+05
2.930650000000000000e+05
2.930740000000000000e+05
2.930890000000000000e+05
2.929110000000000000e+05
2.929940000000000000e+05
2.930930000000000000e+05
2.931020000000000000e+05
2.930270000000000000e+05
2.930740000000000000e+05
2.930710000000000000e+05
2.930860000000000000e+05
2.930350000000000000e+05
2.931220000000000000e+05
2.931430000000000000e+05
2.930220000000000000e+05
2.930900000000000000e+05
2.931360000000000000e+05
2.931540000000000000e+05
2.931470000000000000e+05
2.930060000000000000e+05
2.930470000000000000e+05
2.931000000000000000e+05
2.929690000000000000e+05
2.929540000000000000e+05
2.930070000000000000e+05
2.929880000000000000e+05
2.930440000000000000e+05
2.930400000000000000e+05
2.933490000000000000e+05
2.930740000000000000e+05
2.932460000000000000e+05
2.931480000000000000e+05
2.930420000000000000e+05
2.931280000000000000e+05
2.930050000000000000e+05
2.930850000000000000e+05
2.931150000000000000e+05
2.930500000000000000e+05
2.930270000000000000e+05
2.932770000000000000e+05
2.933680000000000000e+05
2.931040000000000000e+05
2.931890000000000000e+05
2.932630000000000000e+05
2.930970000000000000e+05
2.930670000000000000e+05
2.933040000000000000e+05
2.932220000000000000e+05
2.931780000000000000e+05
2.933480000000000000e+05
2.931570000000000000e+05
2.930290000000000000e+05
2.930420000000000000e+05
2.930320000000000000e+05
2.932810000000000000e+05
2.933560000000000000e+05
2.931840000000000000e+05
2.931110000000000000e+05
2.931690000000000000e+05
2.931040000000000000e+05
2.931360000000000000e+05
2.931480000000000000e+05
2.931310000000000000e+05
2.931270000000000000e+05
2.931860000000000000e+05
2.931340000000000000e+05
2.931350000000000000e+05
2.931700000000000000e+05
2.931380000000000000e+05
2.931210000000000000e+05
2.928930000000000000e+05
2.935620000000000000e+05
2.933700000000000000e+05
2.929510000000000000e+05
2.934220000000000000e+05
2.933140000000000000e+05
2.931710000000000000e+05
2.934240000000000000e+05
2.933960000000000000e+05
2.931720000000000000e+05
2.933060000000000000e+05
2.929620000000000000e+05
2.939460000000000000e+05
2.931560000000000000e+05
2.937090000000000000e+05
2.932250000000000000e+05
2.929620000000000000e+05
2.934070000000000000e+05
2.924610000000000000e+05
2.927170000000000000e+05
2.922150000000000000e+05
2.933080000000000000e+05
2.935050000000000000e+05
2.925780000000000000e+05
2.931070000000000000e+05
2.929650000000000000e+05
2.931840000000000000e+05
2.931400000000000000e+05
2.929780000000000000e+05
2.923840000000000000e+05
2.938980000000000000e+05
2.932230000000000000e+05
2.929910000000000000e+05
2.933840000000000000e+05
2.934510000000000000e+05
2.931040000000000000e+05
2.931230000000000000e+05
2.929250000000000000e+05
2.931630000000000000e+05
2.932000000000000000e+05
2.933010000000000000e+05
2.935350000000000000e+05
2.933330000000000000e+05
2.931210000000000000e+05
2.932370000000000000e+05
2.933100000000000000e+05
2.932480000000000000e+05
2.932450000000000000e+05
2.931960000000000000e+05
2.932660000000000000e+05
2.933430000000000000e+05
2.932870000000000000e+05
2.933300000000000000e+05
2.933430000000000000e+05
2.762830000000000000e+05
1.049910000000000000e+05
5.056000000000000000e+04
3.894400000000000000e+04
3.881000000000000000e+04
3.868400000000000000e+04
3.854200000000000000e+04
3.854700000000000000e+04
3.849100000000000000e+04
3.849800000000000000e+04
3.845100000000000000e+04
3.847000000000000000e+04
3.845100000000000000e+04
3.847800000000000000e+04
3.846600000000000000e+04
3.848800000000000000e+04
3.842800000000000000e+04
3.848000000000000000e+04
3.848500000000000000e+04
3.845400000000000000e+04
3.843000000000000000e+04
3.845100000000000000e+04
3.848200000000000000e+04
3.849500000000000000e+04
3.846600000000000000e+04
3.845500000000000000e+04
3.846600000000000000e+04
3.846600000000000000e+04
3.844100000000000000e+04
3.848400000000000000e+04
3.846600000000000000e+04
3.848400000000000000e+04
3.842500000000000000e+04
3.845800000000000000e+04
3.843400000000000000e+04
3.845900000000000000e+04
3.844100000000000000e+04
3.846900000000000000e+04
3.848300000000000000e+04
3.844800000000000000e+04
3.845500000000000000e+04
3.846900000000000000e+04
3.848200000000000000e+04
3.845400000000000000e+04
3.847400000000000000e+04
3.843200000000000000e+04
3.845700000000000000e+04
3.844500000000000000e+04
3.851400000000000000e+04
3.845100000000000000e+04
3.847900000000000000e+04
3.845500000000000000e+04
3.841500000000000000e+04
3.845700000000000000e+04
3.845400000000000000e+04
3.845600000000000000e+04
3.844400000000000000e+04
3.845900000000000000e+04
3.846400000000000000e+04
3.845300000000000000e+04
3.845800000000000000e+04
3.849000000000000000e+04
3.844000000000000000e+04
